0, 0, 0
8.12499e-10, 2.41872e-05, 0.0001
5.57941e-09, 9.44169e-05, 0.0002
1.79898e-08, 0.000206992, 0.0003
4.219e-08, 0.000357754, 0.0004
8.19446e-08, 0.00054292, 0.0005
1.40646e-07, 0.000759074, 0.0006
2.21351e-07, 0.00100313, 0.0007
3.26811e-07, 0.00127231, 0.0008
4.59502e-07, 0.0015641, 0.0009
6.21654e-07, 0.00187623, 0.001
8.15272e-07, 0.00220666, 0.0011
1.04216e-06, 0.00255353, 0.0012
1.30394e-06, 0.00291517, 0.0013
1.60207e-06, 0.00329008, 0.0014
1.93785e-06, 0.0036769, 0.0015
2.31246e-06, 0.00407439, 0.0016
2.72695e-06, 0.00448144, 0.0017
3.18227e-06, 0.00489706, 0.0018
3.67925e-06, 0.00532033, 0.0019
4.21865e-06, 0.00575044, 0.002
4.80115e-06, 0.00618664, 0.0021
5.42733e-06, 0.00662827, 0.0022
6.09775e-06, 0.00707473, 0.0023
6.81287e-06, 0.00752545, 0.0024
7.57311e-06, 0.00797996, 0.0025
8.37885e-06, 0.00843779, 0.0026
9.23041e-06, 0.00889856, 0.0027
1.01281e-05, 0.00936188, 0.0028
1.10721e-05, 0.00982744, 0.0029
1.20627e-05, 0.0102949, 0.003
1.31001e-05, 0.0107641, 0.0031
1.41844e-05, 0.0112346, 0.0032
1.53158e-05, 0.0117063, 0.0033
1.64944e-05, 0.012179, 0.0034
1.77202e-05, 0.0126526, 0.0035
1.89934e-05, 0.0131267, 0.0036
2.0314e-05, 0.0136013, 0.0037
2.16821e-05, 0.0140763, 0.0038
2.30977e-05, 0.0145514, 0.0039
2.45608e-05, 0.0150267, 0.004
2.60714e-05, 0.015502, 0.0041
2.76295e-05, 0.0159771, 0.0042
2.92352e-05, 0.0164521, 0.0043
3.08883e-05, 0.0169268, 0.0044
3.25889e-05, 0.0174011, 0.0045
3.43369e-05, 0.0178751, 0.0046
3.61324e-05, 0.0183485, 0.0047
3.79751e-05, 0.0188215, 0.0048
3.98651e-05, 0.0192938, 0.0049
4.18024e-05, 0.0197655, 0.005
4.37868e-05, 0.0202366, 0.0051
4.58183e-05, 0.0207069, 0.0052
4.78968e-05, 0.0211765, 0.0053
5.00223e-05, 0.0216453, 0.0054
5.21946e-05, 0.0221132, 0.0055
5.44137e-05, 0.0225803, 0.0056
5.66796e-05, 0.0230466, 0.0057
5.8992e-05, 0.0235119, 0.0058
6.13509e-05, 0.0239762, 0.0059
6.37562e-05, 0.0244396, 0.006
6.62079e-05, 0.0249021, 0.0061
6.87058e-05, 0.0253635, 0.0062
7.12498e-05, 0.0258239, 0.0063
7.38399e-05, 0.0262832, 0.0064
7.64758e-05, 0.0267415, 0.0065
7.91576e-05, 0.0271987, 0.0066
8.18851e-05, 0.0276548, 0.0067
8.46581e-05, 0.0281097, 0.0068
8.74767e-05, 0.0285635, 0.0069
9.03406e-05, 0.0290162, 0.007
9.32497e-05, 0.0294677, 0.0071
9.6204e-05, 0.0299181, 0.0072
9.92033e-05, 0.0303672, 0.0073
0.000102247, 0.0308151, 0.0074
0.000105336, 0.0312618, 0.0075
0.00010847, 0.0317073, 0.0076
0.000111648, 0.0321515, 0.0077
0.000114871, 0.0325945, 0.0078
0.000118137, 0.0330362, 0.0079
0.000121448, 0.0334766, 0.008
0.000124803, 0.0339157, 0.0081
0.000128202, 0.0343535, 0.0082
0.000131645, 0.03479, 0.0083
0.000135131, 0.0352251, 0.0084
0.000138661, 0.0356589, 0.0085
0.000142234, 0.0360913, 0.0086
0.00014585, 0.0365224, 0.0087
0.00014951, 0.0369521, 0.0088
0.000153212, 0.0373804, 0.0089
0.000156957, 0.0378073, 0.009
0.000160745, 0.0382328, 0.0091
0.000164575, 0.0386569, 0.0092
0.000168448, 0.0390795, 0.0093
0.000172363, 0.0395007, 0.0094
0.00017632, 0.0399204, 0.0095
0.000180319, 0.0403387, 0.0096
0.00018436, 0.0407555, 0.0097
0.000188442, 0.0411708, 0.0098
0.000192566, 0.0415847, 0.0099
0.000196732, 0.041997, 0.01
0.000200938, 0.0424078, 0.0101
0.000205186, 0.0428171, 0.0102
0.000209474, 0.0432249, 0.0103
0.000213803, 0.0436311, 0.0104
0.000218173, 0.0440357, 0.0105
0.000222583, 0.0444388, 0.0106
0.000227034, 0.0448403, 0.0107
0.000231525, 0.0452403, 0.0108
0.000236055, 0.0456386, 0.0109
0.000240626, 0.0460354, 0.011
0.000245236, 0.0464305, 0.0111
0.000249885, 0.046824, 0.0112
0.000254574, 0.0472159, 0.0113
0.000259302, 0.0476061, 0.0114
0.00026407, 0.0479947, 0.0115
0.000268875, 0.0483817, 0.0116
0.00027372, 0.0487669, 0.0117
0.000278603, 0.0491505, 0.0118
0.000283524, 0.0495324, 0.0119
0.000288484, 0.0499126, 0.012
0.000293482, 0.0502911, 0.0121
0.000298517, 0.0506679, 0.0122
0.00030359, 0.051043, 0.0123
0.0003087, 0.0514163, 0.0124
0.000313848, 0.0517879, 0.0125
0.000319033, 0.0521578, 0.0126
0.000324255, 0.0525259, 0.0127
0.000329514, 0.0528922, 0.0128
0.000334809, 0.0532568, 0.0129
0.000340141, 0.0536195, 0.013
0.000345509, 0.0539805, 0.0131
0.000350913, 0.0543397, 0.0132
0.000356353, 0.054697, 0.0133
0.000361828, 0.0550526, 0.0134
0.000367339, 0.0554063, 0.0135
0.000372886, 0.0557582, 0.0136
0.000378467, 0.0561082, 0.0137
0.000384084, 0.0564564, 0.0138
0.000389735, 0.0568028, 0.0139
0.000395421, 0.0571472, 0.014
0.000401142, 0.0574898, 0.0141
0.000406896, 0.0578305, 0.0142
0.000412685, 0.0581693, 0.0143
0.000418508, 0.0585062, 0.0144
0.000424364, 0.0588412, 0.0145
0.000430253, 0.0591743, 0.0146
0.000436176, 0.0595055, 0.0147
0.000442132, 0.0598347, 0.0148
0.000448121, 0.060162, 0.0149
0.000454143, 0.0604874, 0.015
0.000460197, 0.0608108, 0.0151
0.000466283, 0.0611322, 0.0152
0.000472402, 0.0614516, 0.0153
0.000478552, 0.0617691, 0.0154
0.000484734, 0.0620846, 0.0155
0.000490948, 0.0623981, 0.0156
0.000497193, 0.0627096, 0.0157
0.000503469, 0.0630191, 0.0158
0.000509776, 0.0633266, 0.0159
0.000516114, 0.063632, 0.016
0.000522482, 0.0639355, 0.0161
0.000528881, 0.0642369, 0.0162
0.000535309, 0.0645362, 0.0163
0.000541768, 0.0648335, 0.0164
0.000548256, 0.0651287, 0.0165
0.000554774, 0.0654219, 0.0166
0.000561321, 0.065713, 0.0167
0.000567897, 0.066002, 0.0168
0.000574502, 0.066289, 0.0169
0.000581135, 0.0665738, 0.017
0.000587797, 0.0668566, 0.0171
0.000594488, 0.0671372, 0.0172
0.000601206, 0.0674158, 0.0173
0.000607952, 0.0676922, 0.0174
0.000614726, 0.0679665, 0.0175
0.000621527, 0.0682386, 0.0176
0.000628355, 0.0685086, 0.0177
0.000635211, 0.0687765, 0.0178
0.000642093, 0.0690423, 0.0179
0.000649001, 0.0693058, 0.018
0.000655936, 0.0695672, 0.0181
0.000662897, 0.0698265, 0.0182
0.000669884, 0.0700835, 0.0183
0.000676897, 0.0703384, 0.0184
0.000683935, 0.0705911, 0.0185
0.000690998, 0.0708416, 0.0186
0.000698086, 0.07109, 0.0187
0.000705199, 0.0713361, 0.0188
0.000712337, 0.07158, 0.0189
0.000719499, 0.0718216, 0.019
0.000726685, 0.0720611, 0.0191
0.000733895, 0.0722983, 0.0192
0.000741129, 0.0725333, 0.0193
0.000748386, 0.0727661, 0.0194
0.000755666, 0.0729966, 0.0195
0.00076297, 0.0732249, 0.0196
0.000770296, 0.0734509, 0.0197
0.000777645, 0.0736747, 0.0198
0.000785016, 0.0738962, 0.0199
0.000792409, 0.0741154, 0.02
0.000799824, 0.0743324, 0.0201
0.000807261, 0.074547, 0.0202
0.000814719, 0.0747594, 0.0203
0.000822199, 0.0749695, 0.0204
0.000829699, 0.0751774, 0.0205
0.00083722, 0.0753829, 0.0206
0.000844762, 0.0755861, 0.0207
0.000852324, 0.075787, 0.0208
0.000859906, 0.0759856, 0.0209
0.000867507, 0.0761818, 0.021
0.000875129, 0.0763758, 0.0211
0.000882769, 0.0765674, 0.0212
0.000890429, 0.0767567, 0.0213
0.000898108, 0.0769437, 0.0214
0.000905805, 0.0771283, 0.0215
0.000913521, 0.0773106, 0.0216
0.000921255, 0.0774905, 0.0217
0.000929007, 0.0776681, 0.0218
0.000936777, 0.0778433, 0.0219
0.000944564, 0.0780162, 0.022
0.000952368, 0.0781867, 0.0221
0.00096019, 0.0783548, 0.0222
0.000968028, 0.0785206, 0.0223
0.000975883, 0.078684, 0.0224
0.000983754, 0.078845, 0.0225
0.000991641, 0.0790036, 0.0226
0.000999544, 0.0791599, 0.0227
0.00100746, 0.0793137, 0.0228
0.0010154, 0.0794652, 0.0229
0.00102335, 0.0796142, 0.023
0.00103131, 0.0797609, 0.0231
0.00103929, 0.0799052, 0.0232
0.00104728, 0.080047, 0.0233
0.00105529, 0.0801865, 0.0234
0.00106331, 0.0803235, 0.0235
0.00107134, 0.0804582, 0.0236
0.00107939, 0.0805904, 0.0237
0.00108745, 0.0807202, 0.0238
0.00109553, 0.0808475, 0.0239
0.00110361, 0.0809725, 0.024
0.00111171, 0.081095, 0.0241
0.00111982, 0.0812151, 0.0242
0.00112795, 0.0813327, 0.0243
0.00113608, 0.0814479, 0.0244
0.00114423, 0.0815607, 0.0245
0.00115239, 0.081671, 0.0246
0.00116056, 0.0817789, 0.0247
0.00116873, 0.0818844, 0.0248
0.00117692, 0.0819874, 0.0249
0.00118513, 0.0820879, 0.025
0.00119334, 0.082186, 0.0251
0.00120156, 0.0822816, 0.0252
0.00120979, 0.0823748, 0.0253
0.00121802, 0.0824655, 0.0254
0.00122627, 0.0825538, 0.0255
0.00123453, 0.0826396, 0.0256
0.00124279, 0.0827229, 0.0257
0.00125107, 0.0828038, 0.0258
0.00125935, 0.0828822, 0.0259
0.00126764, 0.0829581, 0.026
0.00127594, 0.0830316, 0.0261
0.00128424, 0.0831026, 0.0262
0.00129255, 0.0831711, 0.0263
0.00130087, 0.0832372, 0.0264
0.00130919, 0.0833007, 0.0265
0.00131753, 0.0833618, 0.0266
0.00132586, 0.0834204, 0.0267
0.00133421, 0.0834766, 0.0268
0.00134255, 0.0835302, 0.0269
0.00135091, 0.0835814, 0.027
0.00135927, 0.0836301, 0.0271
0.00136763, 0.0836763, 0.0272
0.001376, 0.08372, 0.0273
0.00138437, 0.0837612, 0.0274
0.00139275, 0.0838, 0.0275
0.00140113, 0.0838363, 0.0276
0.00140951, 0.0838701, 0.0277
0.0014179, 0.0839014, 0.0278
0.00142629, 0.0839302, 0.0279
0.00143468, 0.0839565, 0.028
0.00144308, 0.0839803, 0.0281
0.00145148, 0.0840017, 0.0282
0.00145988, 0.0840205, 0.0283
0.00146828, 0.0840369, 0.0284
0.00147668, 0.0840508, 0.0285
0.00148509, 0.0840622, 0.0286
0.0014935, 0.0840711, 0.0287
0.0015019, 0.0840775, 0.0288
0.00151031, 0.0840815, 0.0289
0.00151872, 0.0840829, 0.029
0.00152713, 0.0840819, 0.0291
0.00153554, 0.0840784, 0.0292
0.00154394, 0.0840724, 0.0293
0.00155235, 0.0840639, 0.0294
0.00156076, 0.0840529, 0.0295
0.00156916, 0.0840394, 0.0296
0.00157757, 0.0840235, 0.0297
0.00158597, 0.0840051, 0.0298
0.00159437, 0.0839842, 0.0299
0.00160277, 0.0839608, 0.03
0.00161116, 0.0839349, 0.0301
0.00161955, 0.0839066, 0.0302
0.00162794, 0.0838757, 0.0303
0.00163633, 0.0838424, 0.0304
0.00164471, 0.0838067, 0.0305
0.00165309, 0.0837684, 0.0306
0.00166147, 0.0837277, 0.0307
0.00166984, 0.0836845, 0.0308
0.00167821, 0.0836388, 0.0309
0.00168657, 0.0835907, 0.031
0.00169493, 0.0835401, 0.0311
0.00170328, 0.083487, 0.0312
0.00171163, 0.0834315, 0.0313
0.00171997, 0.0833735, 0.0314
0.00172831, 0.0833131, 0.0315
0.00173664, 0.0832502, 0.0316
0.00174496, 0.0831848, 0.0317
0.00175328, 0.083117, 0.0318
0.00176159, 0.0830467, 0.0319
0.0017699, 0.082974, 0.032
0.00177819, 0.0828988, 0.0321
0.00178648, 0.0828212, 0.0322
0.00179476, 0.0827412, 0.0323
0.00180303, 0.0826587, 0.0324
0.0018113, 0.0825738, 0.0325
0.00181955, 0.0824864, 0.0326
0.0018278, 0.0823966, 0.0327
0.00183604, 0.0823044, 0.0328
0.00184427, 0.0822097, 0.0329
0.00185249, 0.0821126, 0.033
0.0018607, 0.0820131, 0.0331
0.0018689, 0.0819112, 0.0332
0.00187709, 0.0818069, 0.0333
0.00188526, 0.0817001, 0.0334
0.00189343, 0.081591, 0.0335
0.00190159, 0.0814794, 0.0336
0.00190974, 0.0813654, 0.0337
0.00191787, 0.0812491, 0.0338
0.00192599, 0.0811303, 0.0339
0.0019341, 0.0810091, 0.034
0.0019422, 0.0808856, 0.0341
0.00195029, 0.0807596, 0.0342
0.00195836, 0.0806313, 0.0343
0.00196642, 0.0805006, 0.0344
0.00197447, 0.0803675, 0.0345
0.00198251, 0.0802321, 0.0346
0.00199053, 0.0800942, 0.0347
0.00199853, 0.079954, 0.0348
0.00200653, 0.0798115, 0.0349
0.00201451, 0.0796666, 0.035
0.00202247, 0.0795193, 0.0351
0.00203042, 0.0793697, 0.0352
0.00203835, 0.0792178, 0.0353
0.00204627, 0.0790635, 0.0354
0.00205418, 0.0789068, 0.0355
0.00206206, 0.0787478, 0.0356
0.00206994, 0.0785866, 0.0357
0.00207779, 0.0784229, 0.0358
0.00208563, 0.078257, 0.0359
0.00209345, 0.0780887, 0.036
0.00210126, 0.0779182, 0.0361
0.00210905, 0.0777453, 0.0362
0.00211682, 0.0775701, 0.0363
0.00212457, 0.0773927, 0.0364
0.00213231, 0.0772129, 0.0365
0.00214003, 0.0770308, 0.0366
0.00214773, 0.0768465, 0.0367
0.00215541, 0.0766599, 0.0368
0.00216307, 0.076471, 0.0369
0.00217072, 0.0762799, 0.037
0.00217834, 0.0760865, 0.0371
0.00218595, 0.0758908, 0.0372
0.00219353, 0.0756929, 0.0373
0.0022011, 0.0754927, 0.0374
0.00220864, 0.0752903, 0.0375
0.00221617, 0.0750857, 0.0376
0.00222368, 0.0748788, 0.0377
0.00223116, 0.0746698, 0.0378
0.00223862, 0.0744584, 0.0379
0.00224607, 0.0742449, 0.038
0.00225349, 0.0740292, 0.0381
0.00226089, 0.0738113, 0.0382
0.00226826, 0.0735911, 0.0383
0.00227562, 0.0733688, 0.0384
0.00228295, 0.0731443, 0.0385
0.00229026, 0.0729177, 0.0386
0.00229755, 0.0726888, 0.0387
0.00230481, 0.0724578, 0.0388
0.00231206, 0.0722246, 0.0389
0.00231927, 0.0719893, 0.039
0.00232647, 0.0717518, 0.0391
0.00233364, 0.0715122, 0.0392
0.00234079, 0.0712705, 0.0393
0.00234791, 0.0710266, 0.0394
0.00235501, 0.0707806, 0.0395
0.00236208, 0.0705325, 0.0396
0.00236913, 0.0702822, 0.0397
0.00237616, 0.0700299, 0.0398
0.00238315, 0.0697755, 0.0399
0.00239013, 0.069519, 0.04
0.00239708, 0.0692604, 0.0401
0.002404, 0.0689997, 0.0402
0.00241089, 0.068737, 0.0403
0.00241776, 0.0684722, 0.0404
0.0024246, 0.0682053, 0.0405
0.00243142, 0.0679364, 0.0406
0.00243821, 0.0676655, 0.0407
0.00244497, 0.0673925, 0.0408
0.00245171, 0.0671175, 0.0409
0.00245841, 0.0668405, 0.041
0.00246509, 0.0665615, 0.0411
0.00247174, 0.0662804, 0.0412
0.00247837, 0.0659974, 0.0413
0.00248496, 0.0657124, 0.0414
0.00249153, 0.0654254, 0.0415
0.00249807, 0.0651364, 0.0416
0.00250457, 0.0648455, 0.0417
0.00251105, 0.0645526, 0.0418
0.0025175, 0.0642577, 0.0419
0.00252393, 0.0639609, 0.042
0.00253032, 0.0636622, 0.0421
0.00253668, 0.0633615, 0.0422
0.00254301, 0.0630589, 0.0423
0.00254931, 0.0627544, 0.0424
0.00255558, 0.062448, 0.0425
0.00256182, 0.0621397, 0.0426
0.00256803, 0.0618296, 0.0427
0.00257421, 0.0615175, 0.0428
0.00258035, 0.0612036, 0.0429
0.00258647, 0.0608878, 0.043
0.00259255, 0.0605701, 0.0431
0.0025986, 0.0602506, 0.0432
0.00260462, 0.0599292, 0.0433
0.00261061, 0.0596061, 0.0434
0.00261656, 0.0592811, 0.0435
0.00262249, 0.0589543, 0.0436
0.00262838, 0.0586256, 0.0437
0.00263423, 0.0582952, 0.0438
0.00264006, 0.057963, 0.0439
0.00264585, 0.057629, 0.044
0.00265161, 0.0572933, 0.0441
0.00265733, 0.0569558, 0.0442
0.00266302, 0.0566165, 0.0443
0.00266868, 0.0562755, 0.0444
0.0026743, 0.0559327, 0.0445
0.00267988, 0.0555882, 0.0446
0.00268544, 0.055242, 0.0447
0.00269096, 0.0548941, 0.0448
0.00269644, 0.0545445, 0.0449
0.00270189, 0.0541932, 0.045
0.0027073, 0.0538402, 0.0451
0.00271268, 0.0534856, 0.0452
0.00271802, 0.0531293, 0.0453
0.00272333, 0.0527713, 0.0454
0.0027286, 0.0524117, 0.0455
0.00273383, 0.0520504, 0.0456
0.00273903, 0.0516876, 0.0457
0.0027442, 0.0513231, 0.0458
0.00274932, 0.050957, 0.0459
0.00275441, 0.0505893, 0.046
0.00275946, 0.05022, 0.0461
0.00276448, 0.0498491, 0.0462
0.00276946, 0.0494767, 0.0463
0.0027744, 0.0491027, 0.0464
0.0027793, 0.0487271, 0.0465
0.00278417, 0.04835, 0.0466
0.002789, 0.0479714, 0.0467
0.00279379, 0.0475913, 0.0468
0.00279854, 0.0472096, 0.0469
0.00280326, 0.0468265, 0.047
0.00280793, 0.0464418, 0.0471
0.00281257, 0.0460557, 0.0472
0.00281717, 0.0456681, 0.0473
0.00282173, 0.0452791, 0.0474
0.00282625, 0.0448886, 0.0475
0.00283073, 0.0444966, 0.0476
0.00283518, 0.0441032, 0.0477
0.00283958, 0.0437084, 0.0478
0.00284395, 0.0433122, 0.0479
0.00284827, 0.0429146, 0.048
0.00285255, 0.0425156, 0.0481
0.0028568, 0.0421152, 0.0482
0.002861, 0.0417135, 0.0483
0.00286517, 0.0413104, 0.0484
0.00286929, 0.0409059, 0.0485
0.00287338, 0.0405001, 0.0486
0.00287742, 0.040093, 0.0487
0.00288142, 0.0396846, 0.0488
0.00288538, 0.0392748, 0.0489
0.0028893, 0.0388638, 0.049
0.00289318, 0.0384514, 0.0491
0.00289702, 0.0380378, 0.0492
0.00290082, 0.037623, 0.0493
0.00290457, 0.0372068, 0.0494
0.00290829, 0.0367895, 0.0495
0.00291196, 0.0363709, 0.0496
0.00291559, 0.035951, 0.0497
0.00291918, 0.03553, 0.0498
0.00292272, 0.0351078, 0.0499
0.00292623, 0.0346844, 0.05
0.00292969, 0.0342598, 0.0501
0.00293311, 0.033834, 0.0502
0.00293648, 0.0334071, 0.0503
0.00293982, 0.032979, 0.0504
0.00294311, 0.0325498, 0.0505
0.00294636, 0.0321195, 0.0506
0.00294956, 0.031688, 0.0507
0.00295272, 0.0312555, 0.0508
0.00295584, 0.0308219, 0.0509
0.00295892, 0.0303872, 0.051
0.00296195, 0.0299514, 0.0511
0.00296493, 0.0295146, 0.0512
0.00296788, 0.0290767, 0.0513
0.00297078, 0.0286378, 0.0514
0.00297364, 0.0281978, 0.0515
0.00297645, 0.0277569, 0.0516
0.00297922, 0.027315, 0.0517
0.00298194, 0.026872, 0.0518
0.00298462, 0.0264281, 0.0519
0.00298726, 0.0259832, 0.052
0.00298985, 0.0255374, 0.0521
0.00299239, 0.0250906, 0.0522
0.00299489, 0.0246429, 0.0523
0.00299735, 0.0241943, 0.0524
0.00299976, 0.0237448, 0.0525
0.00300213, 0.0232944, 0.0526
0.00300445, 0.022843, 0.0527
0.00300673, 0.0223909, 0.0528
0.00300896, 0.0219378, 0.0529
0.00301115, 0.0214839, 0.053
0.00301329, 0.0210292, 0.0531
0.00301538, 0.0205736, 0.0532
0.00301743, 0.0201172, 0.0533
0.00301944, 0.01966, 0.0534
0.00302139, 0.0192021, 0.0535
0.00302331, 0.0187433, 0.0536
0.00302517, 0.0182838, 0.0537
0.00302699, 0.0178235, 0.0538
0.00302877, 0.0173625, 0.0539
0.0030305, 0.0169007, 0.054
0.00303218, 0.0164382, 0.0541
0.00303381, 0.015975, 0.0542
0.0030354, 0.0155111, 0.0543
0.00303695, 0.0150466, 0.0544
0.00303844, 0.0145813, 0.0545
0.0030399, 0.0141154, 0.0546
0.0030413, 0.0136489, 0.0547
0.00304266, 0.0131817, 0.0548
0.00304397, 0.0127138, 0.0549
0.00304523, 0.0122454, 0.055
0.00304645, 0.0117764, 0.0551
0.00304762, 0.0113067, 0.0552
0.00304874, 0.0108365, 0.0553
0.00304981, 0.0103658, 0.0554
0.00305084, 0.00989444, 0.0555
0.00305183, 0.00942258, 0.0556
0.00305276, 0.00895018, 0.0557
0.00305365, 0.00847727, 0.0558
0.00305449, 0.00800385, 0.0559
0.00305528, 0.00752994, 0.056
0.00305602, 0.00705555, 0.0561
0.00305672, 0.00658069, 0.0562
0.00305737, 0.00610537, 0.0563
0.00305797, 0.00562961, 0.0564
0.00305853, 0.00515341, 0.0565
0.00305904, 0.0046768, 0.0566
0.0030595, 0.00419978, 0.0567
0.00305991, 0.00372236, 0.0568
0.00306027, 0.00324456, 0.0569
0.00306059, 0.00276639, 0.057
0.00306086, 0.00228786, 0.0571
0.00306108, 0.00180898, 0.0572
0.00306125, 0.00132977, 0.0573
0.00306138, 0.000850232, 0.0574
0.00306145, 0.000370388, 0.0575
0.00306148, -0.000109754, 0.0576
0.00306146, -0.00059018, 0.0577
0.0030614, -0.00107088, 0.0578
0.00306128, -0.00155184, 0.0579
0.00306112, -0.00203305, 0.058
0.00306091, -0.00251449, 0.0581
0.00306065, -0.00299616, 0.0582
0.00306034, -0.00347804, 0.0583
0.00305998, -0.00396012, 0.0584
0.00305958, -0.00444239, 0.0585
0.00305913, -0.00492483, 0.0586
0.00305863, -0.00540743, 0.0587
0.00305808, -0.00589018, 0.0588
0.00305748, -0.00637307, 0.0589
0.00305683, -0.00685608, 0.059
0.00305614, -0.00733921, 0.0591
0.0030554, -0.00782243, 0.0592
0.00305461, -0.00830575, 0.0593
0.00305377, -0.00878914, 0.0594
0.00305288, -0.00927259, 0.0595
0.00305195, -0.00975609, 0.0596
0.00305096, -0.0102396, 0.0597
0.00304993, -0.0107232, 0.0598
0.00304885, -0.0112068, 0.0599
0.00304772, -0.0116904, 0.06
0.00304655, -0.0121739, 0.0601
0.00304532, -0.0126575, 0.0602
0.00304405, -0.013141, 0.0603
0.00304272, -0.0136245, 0.0604
0.00304135, -0.0141079, 0.0605
0.00303993, -0.0145912, 0.0606
0.00303847, -0.0150744, 0.0607
0.00303695, -0.0155576, 0.0608
0.00303539, -0.0160406, 0.0609
0.00303378, -0.0165235, 0.061
0.00303212, -0.0170063, 0.0611
0.00303041, -0.0174889, 0.0612
0.00302865, -0.0179714, 0.0613
0.00302684, -0.0184537, 0.0614
0.00302499, -0.0189358, 0.0615
0.00302309, -0.0194178, 0.0616
0.00302114, -0.0198995, 0.0617
0.00301914, -0.020381, 0.0618
0.0030171, -0.0208622, 0.0619
0.003015, -0.0213432, 0.062
0.00301286, -0.021824, 0.0621
0.00301067, -0.0223045, 0.0622
0.00300843, -0.0227847, 0.0623
0.00300614, -0.0232646, 0.0624
0.00300381, -0.0237442, 0.0625
0.00300143, -0.0242234, 0.0626
0.002999, -0.0247024, 0.0627
0.00299652, -0.025181, 0.0628
0.00299399, -0.0256592, 0.0629
0.00299142, -0.0261371, 0.063
0.0029888, -0.0266146, 0.0631
0.00298613, -0.0270917, 0.0632
0.00298341, -0.0275684, 0.0633
0.00298065, -0.0280447, 0.0634
0.00297783, -0.0285205, 0.0635
0.00297497, -0.028996, 0.0636
0.00297207, -0.0294709, 0.0637
0.00296911, -0.0299454, 0.0638
0.00296611, -0.0304194, 0.0639
0.00296306, -0.0308929, 0.064
0.00295996, -0.0313659, 0.0641
0.00295682, -0.0318385, 0.0642
0.00295362, -0.0323104, 0.0643
0.00295039, -0.0327819, 0.0644
0.0029471, -0.0332528, 0.0645
0.00294377, -0.0337231, 0.0646
0.00294039, -0.0341928, 0.0647
0.00293696, -0.034662, 0.0648
0.00293349, -0.0351306, 0.0649
0.00292996, -0.0355985, 0.065
0.0029264, -0.0360659, 0.0651
0.00292278, -0.0365326, 0.0652
0.00291912, -0.0369986, 0.0653
0.00291541, -0.037464, 0.0654
0.00291166, -0.0379287, 0.0655
0.00290786, -0.0383928, 0.0656
0.00290401, -0.0388561, 0.0657
0.00290012, -0.0393188, 0.0658
0.00289618, -0.0397807, 0.0659
0.00289219, -0.0402419, 0.066
0.00288816, -0.0407023, 0.0661
0.00288408, -0.041162, 0.0662
0.00287996, -0.0416209, 0.0663
0.00287579, -0.0420791, 0.0664
0.00287157, -0.0425365, 0.0665
0.00286731, -0.042993, 0.0666
0.00286301, -0.0434488, 0.0667
0.00285865, -0.0439037, 0.0668
0.00285426, -0.0443578, 0.0669
0.00284981, -0.0448111, 0.067
0.00284532, -0.0452635, 0.0671
0.00284079, -0.045715, 0.0672
0.00283621, -0.0461656, 0.0673
0.00283159, -0.0466154, 0.0674
0.00282692, -0.0470642, 0.0675
0.0028222, -0.0475121, 0.0676
0.00281745, -0.0479591, 0.0677
0.00281264, -0.0484052, 0.0678
0.00280779, -0.0488503, 0.0679
0.0028029, -0.0492945, 0.068
0.00279796, -0.0497376, 0.0681
0.00279298, -0.0501798, 0.0682
0.00278796, -0.050621, 0.0683
0.00278289, -0.0510612, 0.0684
0.00277778, -0.0515004, 0.0685
0.00277262, -0.0519385, 0.0686
0.00276742, -0.0523756, 0.0687
0.00276217, -0.0528117, 0.0688
0.00275688, -0.0532466, 0.0689
0.00275155, -0.0536806, 0.069
0.00274618, -0.0541134, 0.0691
0.00274076, -0.0545451, 0.0692
0.0027353, -0.0549757, 0.0693
0.00272979, -0.0554052, 0.0694
0.00272424, -0.0558336, 0.0695
0.00271865, -0.0562608, 0.0696
0.00271302, -0.0566869, 0.0697
0.00270734, -0.0571118, 0.0698
0.00270163, -0.0575356, 0.0699
0.00269587, -0.0579581, 0.07
0.00269006, -0.0583795, 0.0701
0.00268422, -0.0587997, 0.0702
0.00267833, -0.0592186, 0.0703
0.0026724, -0.0596363, 0.0704
0.00266643, -0.0600528, 0.0705
0.00266042, -0.060468, 0.0706
0.00265437, -0.060882, 0.0707
0.00264827, -0.0612947, 0.0708
0.00264213, -0.0617061, 0.0709
0.00263596, -0.0621163, 0.071
0.00262974, -0.0625251, 0.0711
0.00262348, -0.0629326, 0.0712
0.00261718, -0.0633388, 0.0713
0.00261084, -0.0637437, 0.0714
0.00260446, -0.0641472, 0.0715
0.00259804, -0.0645494, 0.0716
0.00259157, -0.0649502, 0.0717
0.00258507, -0.0653496, 0.0718
0.00257853, -0.0657476, 0.0719
0.00257195, -0.0661443, 0.072
0.00256533, -0.0665395, 0.0721
0.00255867, -0.0669334, 0.0722
0.00255197, -0.0673258, 0.0723
0.00254523, -0.0677167, 0.0724
0.00253845, -0.0681063, 0.0725
0.00253163, -0.0684943, 0.0726
0.00252478, -0.0688809, 0.0727
0.00251788, -0.0692661, 0.0728
0.00251095, -0.0696497, 0.0729
0.00250398, -0.0700319, 0.073
0.00249697, -0.0704125, 0.0731
0.00248992, -0.0707916, 0.0732
0.00248284, -0.0711693, 0.0733
0.00247571, -0.0715453, 0.0734
0.00246855, -0.0719199, 0.0735
0.00246135, -0.0722929, 0.0736
0.00245412, -0.0726643, 0.0737
0.00244685, -0.0730341, 0.0738
0.00243954, -0.0734024, 0.0739
0.00243219, -0.0737691, 0.074
0.00242481, -0.0741341, 0.0741
0.00241739, -0.0744976, 0.0742
0.00240993, -0.0748594, 0.0743
0.00240244, -0.0752197, 0.0744
0.00239491, -0.0755782, 0.0745
0.00238735, -0.0759352, 0.0746
0.00237975, -0.0762904, 0.0747
0.00237211, -0.0766441, 0.0748
0.00236444, -0.076996, 0.0749
0.00235674, -0.0773463, 0.075
0.002349, -0.0776948, 0.0751
0.00234122, -0.0780417, 0.0752
0.00233341, -0.0783868, 0.0753
0.00232557, -0.0787303, 0.0754
0.00231769, -0.079072, 0.0755
0.00230978, -0.0794119, 0.0756
0.00230183, -0.0797502, 0.0757
0.00229385, -0.0800866, 0.0758
0.00228584, -0.0804213, 0.0759
0.00227779, -0.0807543, 0.076
0.00226971, -0.0810854, 0.0761
0.00226159, -0.0814148, 0.0762
0.00225345, -0.0817424, 0.0763
0.00224527, -0.0820681, 0.0764
0.00223705, -0.0823921, 0.0765
0.00222881, -0.0827142, 0.0766
0.00222053, -0.0830345, 0.0767
0.00221222, -0.083353, 0.0768
0.00220388, -0.0836696, 0.0769
0.00219551, -0.0839844, 0.077
0.00218711, -0.0842973, 0.0771
0.00217867, -0.0846083, 0.0772
0.00217021, -0.0849175, 0.0773
0.00216171, -0.0852247, 0.0774
0.00215318, -0.0855301, 0.0775
0.00214463, -0.0858335, 0.0776
0.00213604, -0.0861351, 0.0777
0.00212742, -0.0864347, 0.0778
0.00211877, -0.0867324, 0.0779
0.00211009, -0.0870282, 0.078
0.00210138, -0.0873221, 0.0781
0.00209265, -0.0876139, 0.0782
0.00208388, -0.0879039, 0.0783
0.00207509, -0.0881918, 0.0784
0.00206626, -0.0884778, 0.0785
0.00205741, -0.0887618, 0.0786
0.00204853, -0.0890439, 0.0787
0.00203962, -0.0893239, 0.0788
0.00203068, -0.0896019, 0.0789
0.00202172, -0.089878, 0.079
0.00201273, -0.090152, 0.0791
0.00200371, -0.090424, 0.0792
0.00199466, -0.0906939, 0.0793
0.00198559, -0.0909619, 0.0794
0.00197648, -0.0912277, 0.0795
0.00196736, -0.0914916, 0.0796
0.0019582, -0.0917534, 0.0797
0.00194902, -0.0920131, 0.0798
0.00193982, -0.0922707, 0.0799
0.00193059, -0.0925263, 0.08
0.00192133, -0.0927798, 0.0801
0.00191205, -0.0930311, 0.0802
0.00190274, -0.0932804, 0.0803
0.00189341, -0.0935276, 0.0804
0.00188405, -0.0937727, 0.0805
0.00187467, -0.0940157, 0.0806
0.00186527, -0.0942565, 0.0807
0.00185584, -0.0944952, 0.0808
0.00184638, -0.0947318, 0.0809
0.00183691, -0.0949663, 0.081
0.0018274, -0.0951986, 0.0811
0.00181788, -0.0954287, 0.0812
0.00180833, -0.0956567, 0.0813
0.00179877, -0.0958825, 0.0814
0.00178917, -0.0961062, 0.0815
0.00177956, -0.0963276, 0.0816
0.00176992, -0.0965469, 0.0817
0.00176026, -0.096764, 0.0818
0.00175058, -0.0969789, 0.0819
0.00174088, -0.0971916, 0.082
0.00173116, -0.0974021, 0.0821
0.00172142, -0.0976104, 0.0822
0.00171165, -0.0978165, 0.0823
0.00170187, -0.0980204, 0.0824
0.00169206, -0.098222, 0.0825
0.00168224, -0.0984214, 0.0826
0.00167239, -0.0986186, 0.0827
0.00166253, -0.0988135, 0.0828
0.00165264, -0.0990061, 0.0829
0.00164274, -0.0991966, 0.083
0.00163282, -0.0993847, 0.0831
0.00162287, -0.0995706, 0.0832
0.00161291, -0.0997543, 0.0833
0.00160294, -0.0999356, 0.0834
0.00159294, -0.100115, 0.0835
0.00158292, -0.100292, 0.0836
0.00157289, -0.100466, 0.0837
0.00156284, -0.100638, 0.0838
0.00155278, -0.100808, 0.0839
0.00154269, -0.100976, 0.084
0.00153259, -0.101141, 0.0841
0.00152248, -0.101304, 0.0842
0.00151234, -0.101465, 0.0843
0.00150219, -0.101623, 0.0844
0.00149203, -0.101779, 0.0845
0.00148185, -0.101933, 0.0846
0.00147165, -0.102085, 0.0847
0.00146144, -0.102234, 0.0848
0.00145122, -0.10238, 0.0849
0.00144098, -0.102525, 0.085
0.00143072, -0.102667, 0.0851
0.00142045, -0.102807, 0.0852
0.00141017, -0.102944, 0.0853
0.00139987, -0.103079, 0.0854
0.00138956, -0.103212, 0.0855
0.00137924, -0.103342, 0.0856
0.0013689, -0.10347, 0.0857
0.00135855, -0.103595, 0.0858
0.00134819, -0.103718, 0.0859
0.00133782, -0.103839, 0.086
0.00132743, -0.103958, 0.0861
0.00131703, -0.104074, 0.0862
0.00130663, -0.104187, 0.0863
0.0012962, -0.104299, 0.0864
0.00128577, -0.104408, 0.0865
0.00127533, -0.104514, 0.0866
0.00126488, -0.104618, 0.0867
0.00125441, -0.10472, 0.0868
0.00124394, -0.104819, 0.0869
0.00123346, -0.104916, 0.087
0.00122296, -0.10501, 0.0871
0.00121246, -0.105102, 0.0872
0.00120195, -0.105192, 0.0873
0.00119143, -0.105279, 0.0874
0.0011809, -0.105364, 0.0875
0.00117036, -0.105446, 0.0876
0.00115982, -0.105526, 0.0877
0.00114926, -0.105604, 0.0878
0.0011387, -0.105679, 0.0879
0.00112813, -0.105752, 0.088
0.00111756, -0.105822, 0.0881
0.00110697, -0.10589, 0.0882
0.00109638, -0.105955, 0.0883
0.00108579, -0.106018, 0.0884
0.00107518, -0.106078, 0.0885
0.00106457, -0.106136, 0.0886
0.00105396, -0.106192, 0.0887
0.00104334, -0.106245, 0.0888
0.00103271, -0.106296, 0.0889
0.00102208, -0.106344, 0.089
0.00101145, -0.10639, 0.0891
0.00100081, -0.106433, 0.0892
0.000990165, -0.106474, 0.0893
0.000979517, -0.106513, 0.0894
0.000968866, -0.106549, 0.0895
0.00095821, -0.106582, 0.0896
0.000947551, -0.106613, 0.0897
0.00093689, -0.106642, 0.0898
0.000926225, -0.106668, 0.0899
0.000915558, -0.106692, 0.09
0.000904888, -0.106713, 0.0901
0.000894217, -0.106732, 0.0902
0.000883543, -0.106748, 0.0903
0.000872868, -0.106762, 0.0904
0.000862192, -0.106774, 0.0905
0.000851515, -0.106783, 0.0906
0.000840836, -0.106789, 0.0907
0.000830157, -0.106793, 0.0908
0.000819478, -0.106795, 0.0909
0.000808799, -0.106794, 0.091
0.000798119, -0.10679, 0.0911
0.000787441, -0.106785, 0.0912
0.000776762, -0.106776, 0.0913
0.000766085, -0.106766, 0.0914
0.000755409, -0.106752, 0.0915
0.000744734, -0.106737, 0.0916
0.00073406, -0.106719, 0.0917
0.000723389, -0.106698, 0.0918
0.00071272, -0.106675, 0.0919
0.000702053, -0.106649, 0.092
0.000691388, -0.106621, 0.0921
0.000680727, -0.106591, 0.0922
0.000670068, -0.106558, 0.0923
0.000659413, -0.106522, 0.0924
0.000648762, -0.106485, 0.0925
0.000638114, -0.106444, 0.0926
0.00062747, -0.106402, 0.0927
0.000616831, -0.106356, 0.0928
0.000606196, -0.106309, 0.0929
0.000595566, -0.106259, 0.093
0.000584941, -0.106206, 0.0931
0.000574322, -0.106151, 0.0932
0.000563708, -0.106093, 0.0933
0.000553099, -0.106033, 0.0934
0.000542497, -0.105971, 0.0935
0.000531901, -0.105906, 0.0936
0.000521312, -0.105839, 0.0937
0.000510729, -0.105769, 0.0938
0.000500153, -0.105697, 0.0939
0.000489585, -0.105622, 0.094
0.000479024, -0.105545, 0.0941
0.000468471, -0.105466, 0.0942
0.000457926, -0.105384, 0.0943
0.000447389, -0.105299, 0.0944
0.000436861, -0.105213, 0.0945
0.000426341, -0.105123, 0.0946
0.00041583, -0.105032, 0.0947
0.000405329, -0.104937, 0.0948
0.000394836, -0.104841, 0.0949
0.000384354, -0.104742, 0.095
0.000373882, -0.104641, 0.0951
0.000363419, -0.104537, 0.0952
0.000352968, -0.104431, 0.0953
0.000342526, -0.104322, 0.0954
0.000332096, -0.104211, 0.0955
0.000321677, -0.104097, 0.0956
0.000311269, -0.103982, 0.0957
0.000300873, -0.103863, 0.0958
0.000290489, -0.103743, 0.0959
0.000280117, -0.10362, 0.096
0.000269757, -0.103494, 0.0961
0.00025941, -0.103366, 0.0962
0.000249075, -0.103236, 0.0963
0.000238754, -0.103103, 0.0964
0.000228446, -0.102968, 0.0965
0.000218151, -0.102831, 0.0966
0.000207871, -0.102691, 0.0967
0.000197604, -0.102549, 0.0968
0.000187352, -0.102405, 0.0969
0.000177114, -0.102258, 0.097
0.00016689, -0.102109, 0.0971
0.000156682, -0.101957, 0.0972
0.000146489, -0.101803, 0.0973
0.000136311, -0.101647, 0.0974
0.000126149, -0.101488, 0.0975
0.000116003, -0.101327, 0.0976
0.000105873, -0.101164, 0.0977
9.57599e-05, -0.100998, 0.0978
8.56629e-05, -0.10083, 0.0979
7.55828e-05, -0.10066, 0.098
6.55198e-05, -0.100487, 0.0981
5.54741e-05, -0.100312, 0.0982
4.54459e-05, -0.100135, 0.0983
3.54355e-05, -0.0999552, 0.0984
2.5443e-05, -0.0997733, 0.0985
1.54688e-05, -0.0995891, 0.0986
5.51311e-06, -0.0994026, 0.0987
-4.42393e-06, -0.0992138, 0.0988
-1.43421e-05, -0.0990226, 0.0989
-2.4241e-05, -0.0988293, 0.099
-3.41206e-05, -0.0986336, 0.0991
-4.39806e-05, -0.0984356, 0.0992
-5.38208e-05, -0.0982354, 0.0993
-6.36409e-05, -0.0980329, 0.0994
-7.34407e-05, -0.0978282, 0.0995
-8.322e-05, -0.0976212, 0.0996
-9.29785e-05, -0.0974119, 0.0997
-0.000102716, -0.0972004, 0.0998
-0.000112433, -0.0969867, 0.0999
-0.000122128, -0.0967707, 0.1
-0.000131801, -0.0965525, 0.1001
-0.000141452, -0.096332, 0.1002
-0.000151082, -0.0961093, 0.1003
-0.000160689, -0.0958845, 0.1004
-0.000170274, -0.0956574, 0.1005
-0.000179835, -0.0954281, 0.1006
-0.000189374, -0.0951966, 0.1007
-0.00019889, -0.0949629, 0.1008
-0.000208382, -0.094727, 0.1009
-0.000217851, -0.094489, 0.101
-0.000227296, -0.0942487, 0.1011
-0.000236717, -0.0940063, 0.1012
-0.000246113, -0.0937618, 0.1013
-0.000255485, -0.093515, 0.1014
-0.000264832, -0.0932662, 0.1015
-0.000274155, -0.0930151, 0.1016
-0.000283452, -0.092762, 0.1017
-0.000292724, -0.0925067, 0.1018
-0.00030197, -0.0922492, 0.1019
-0.000311191, -0.0919897, 0.102
-0.000320385, -0.091728, 0.1021
-0.000329553, -0.0914642, 0.1022
-0.000338695, -0.0911983, 0.1023
-0.000347811, -0.0909304, 0.1024
-0.000356899, -0.0906603, 0.1025
-0.000365961, -0.0903881, 0.1026
-0.000374995, -0.0901139, 0.1027
-0.000384001, -0.0898376, 0.1028
-0.000392981, -0.0895593, 0.1029
-0.000401932, -0.0892788, 0.103
-0.000410855, -0.0889964, 0.1031
-0.00041975, -0.0887119, 0.1032
-0.000428616, -0.0884253, 0.1033
-0.000437454, -0.0881367, 0.1034
-0.000446262, -0.0878461, 0.1035
-0.000455042, -0.0875535, 0.1036
-0.000463792, -0.0872589, 0.1037
-0.000472513, -0.0869623, 0.1038
-0.000481204, -0.0866636, 0.1039
-0.000489866, -0.086363, 0.104
-0.000498497, -0.0860605, 0.1041
-0.000507098, -0.0857559, 0.1042
-0.000515668, -0.0854494, 0.1043
-0.000524208, -0.0851409, 0.1044
-0.000532717, -0.0848305, 0.1045
-0.000541195, -0.0845181, 0.1046
-0.000549641, -0.0842038, 0.1047
-0.000558056, -0.0838876, 0.1048
-0.00056644, -0.0835695, 0.1049
-0.000574791, -0.0832494, 0.105
-0.000583111, -0.0829275, 0.1051
-0.000591398, -0.0826036, 0.1052
-0.000599653, -0.0822779, 0.1053
-0.000607875, -0.0819503, 0.1054
-0.000616065, -0.0816208, 0.1055
-0.000624221, -0.0812894, 0.1056
-0.000632344, -0.0809562, 0.1057
-0.000640434, -0.0806212, 0.1058
-0.000648491, -0.0802843, 0.1059
-0.000656513, -0.0799455, 0.106
-0.000664502, -0.079605, 0.1061
-0.000672457, -0.0792626, 0.1062
-0.000680377, -0.0789185, 0.1063
-0.000688263, -0.0785725, 0.1064
-0.000696115, -0.0782248, 0.1065
-0.000703931, -0.0778752, 0.1066
-0.000711713, -0.0775239, 0.1067
-0.00071946, -0.0771709, 0.1068
-0.000727171, -0.0768161, 0.1069
-0.000734846, -0.0764595, 0.107
-0.000742486, -0.0761012, 0.1071
-0.00075009, -0.0757412, 0.1072
-0.000757658, -0.0753794, 0.1073
-0.00076519, -0.075016, 0.1074
-0.000772685, -0.0746508, 0.1075
-0.000780144, -0.074284, 0.1076
-0.000787567, -0.0739154, 0.1077
-0.000794952, -0.0735452, 0.1078
-0.0008023, -0.0731734, 0.1079
-0.000809611, -0.0727998, 0.108
-0.000816885, -0.0724247, 0.1081
-0.000824121, -0.0720479, 0.1082
-0.000831319, -0.0716694, 0.1083
-0.00083848, -0.0712894, 0.1084
-0.000845602, -0.0709077, 0.1085
-0.000852687, -0.0705244, 0.1086
-0.000859733, -0.0701396, 0.1087
-0.00086674, -0.0697531, 0.1088
-0.000873709, -0.0693651, 0.1089
-0.000880639, -0.0689755, 0.109
-0.00088753, -0.0685844, 0.1091
-0.000894382, -0.0681917, 0.1092
-0.000901194, -0.0677975, 0.1093
-0.000907967, -0.0674018, 0.1094
-0.000914701, -0.0670045, 0.1095
-0.000921395, -0.0666058, 0.1096
-0.000928048, -0.0662055, 0.1097
-0.000934662, -0.0658038, 0.1098
-0.000941236, -0.0654006, 0.1099
-0.000947769, -0.0649959, 0.11
-0.000954262, -0.0645898, 0.1101
-0.000960714, -0.0641822, 0.1102
-0.000967125, -0.0637732, 0.1103
-0.000973496, -0.0633628, 0.1104
-0.000979825, -0.0629509, 0.1105
-0.000986113, -0.0625377, 0.1106
-0.00099236, -0.062123, 0.1107
-0.000998565, -0.061707, 0.1108
-0.00100473, -0.0612896, 0.1109
-0.00101085, -0.0608708, 0.111
-0.00101693, -0.0604507, 0.1111
-0.00102297, -0.0600292, 0.1112
-0.00102896, -0.0596064, 0.1113
-0.00103492, -0.0591823, 0.1114
-0.00104083, -0.0587569, 0.1115
-0.0010467, -0.0583301, 0.1116
-0.00105252, -0.0579021, 0.1117
-0.00105831, -0.0574728, 0.1118
-0.00106405, -0.0570422, 0.1119
-0.00106974, -0.0566104, 0.112
-0.0010754, -0.0561773, 0.1121
-0.00108101, -0.055743, 0.1122
-0.00108658, -0.0553074, 0.1123
-0.0010921, -0.0548706, 0.1124
-0.00109758, -0.0544327, 0.1125
-0.00110301, -0.0539935, 0.1126
-0.00110841, -0.0535531, 0.1127
-0.00111375, -0.0531116, 0.1128
-0.00111906, -0.0526689, 0.1129
-0.00112432, -0.0522251, 0.113
-0.00112953, -0.0517801, 0.1131
-0.0011347, -0.051334, 0.1132
-0.00113983, -0.0508867, 0.1133
-0.00114491, -0.0504384, 0.1134
-0.00114995, -0.0499889, 0.1135
-0.00115494, -0.0495384, 0.1136
-0.00115988, -0.0490868, 0.1137
-0.00116478, -0.0486341, 0.1138
-0.00116964, -0.0481804, 0.1139
-0.00117445, -0.0477257, 0.114
-0.00117922, -0.0472699, 0.1141
-0.00118394, -0.0468131, 0.1142
-0.00118861, -0.0463552, 0.1143
-0.00119324, -0.0458964, 0.1144
-0.00119782, -0.0454366, 0.1145
-0.00120235, -0.0449759, 0.1146
-0.00120684, -0.0445141, 0.1147
-0.00121129, -0.0440514, 0.1148
-0.00121569, -0.0435878, 0.1149
-0.00122004, -0.0431233, 0.115
-0.00122434, -0.0426578, 0.1151
-0.0012286, -0.0421914, 0.1152
-0.00123281, -0.0417241, 0.1153
-0.00123697, -0.041256, 0.1154
-0.00124109, -0.040787, 0.1155
-0.00124516, -0.0403171, 0.1156
-0.00124919, -0.0398463, 0.1157
-0.00125316, -0.0393748, 0.1158
-0.00125709, -0.0389024, 0.1159
-0.00126098, -0.0384292, 0.116
-0.00126481, -0.0379552, 0.1161
-0.0012686, -0.0374804, 0.1162
-0.00127234, -0.0370048, 0.1163
-0.00127603, -0.0365285, 0.1164
-0.00127968, -0.0360514, 0.1165
-0.00128327, -0.0355736, 0.1166
-0.00128682, -0.035095, 0.1167
-0.00129032, -0.0346157, 0.1168
-0.00129378, -0.0341357, 0.1169
-0.00129718, -0.033655, 0.117
-0.00130054, -0.0331737, 0.1171
-0.00130385, -0.0326916, 0.1172
-0.00130711, -0.0322089, 0.1173
-0.00131032, -0.0317256, 0.1174
-0.00131349, -0.0312416, 0.1175
-0.0013166, -0.030757, 0.1176
-0.00131967, -0.0302718, 0.1177
-0.00132269, -0.0297859, 0.1178
-0.00132566, -0.0292995, 0.1179
-0.00132858, -0.0288126, 0.118
-0.00133146, -0.028325, 0.1181
-0.00133428, -0.0278369, 0.1182
-0.00133706, -0.0273483, 0.1183
-0.00133978, -0.0268591, 0.1184
-0.00134246, -0.0263694, 0.1185
-0.00134509, -0.0258792, 0.1186
-0.00134767, -0.0253886, 0.1187
-0.0013502, -0.0248974, 0.1188
-0.00135268, -0.0244058, 0.1189
-0.00135511, -0.0239137, 0.119
-0.0013575, -0.0234212, 0.1191
-0.00135983, -0.0229282, 0.1192
-0.00136211, -0.0224349, 0.1193
-0.00136435, -0.0219411, 0.1194
-0.00136654, -0.0214469, 0.1195
-0.00136867, -0.0209524, 0.1196
-0.00137076, -0.0204574, 0.1197
-0.0013728, -0.0199621, 0.1198
-0.00137478, -0.0194665, 0.1199
-0.00137672, -0.0189706, 0.12
-0.00137861, -0.0184743, 0.1201
-0.00138045, -0.0179777, 0.1202
-0.00138224, -0.0174808, 0.1203
-0.00138398, -0.0169836, 0.1204
-0.00138567, -0.0164862, 0.1205
-0.00138731, -0.0159885, 0.1206
-0.0013889, -0.0154905, 0.1207
-0.00139044, -0.0149924, 0.1208
-0.00139193, -0.014494, 0.1209
-0.00139337, -0.0139953, 0.121
-0.00139476, -0.0134965, 0.1211
-0.00139611, -0.0129975, 0.1212
-0.0013974, -0.0124983, 0.1213
-0.00139864, -0.011999, 0.1214
-0.00139983, -0.0114995, 0.1215
-0.00140097, -0.0109999, 0.1216
-0.00140206, -0.0105002, 0.1217
-0.0014031, -0.0100003, 0.1218
-0.0014041, -0.00950035, 0.1219
-0.00140504, -0.00900031, 0.122
-0.00140593, -0.00850019, 0.1221
-0.00140677, -0.00800001, 0.1222
-0.00140756, -0.00749978, 0.1223
-0.0014083, -0.00699951, 0.1224
-0.001409, -0.00649922, 0.1225
-0.00140964, -0.00599891, 0.1226
-0.00141023, -0.00549861, 0.1227
-0.00141077, -0.00499831, 0.1228
-0.00141126, -0.00449804, 0.1229
-0.0014117, -0.0039978, 0.123
-0.00141209, -0.00349762, 0.1231
-0.00141244, -0.00299749, 0.1232
-0.00141273, -0.00249744, 0.1233
-0.00141297, -0.00199748, 0.1234
-0.00141316, -0.00149761, 0.1235
-0.0014133, -0.000997855, 0.1236
-0.00141339, -0.000498221, 0.1237
-0.00141343, 1.277e-06, 0.1238
-0.00141343, 0.000500628, 0.1239
-0.00141337, 0.000999818, 0.124
-0.00141326, 0.00149884, 0.1241
-0.0014131, 0.00199767, 0.1242
-0.00141289, 0.00249631, 0.1243
-0.00141264, 0.00299474, 0.1244
-0.00141233, 0.00349294, 0.1245
-0.00141197, 0.00399091, 0.1246
-0.00141156, 0.00448864, 0.1247
-0.00141111, 0.00498611, 0.1248
-0.0014106, 0.00548331, 0.1249
-0.00141004, 0.00598022, 0.125
-0.00140944, 0.00647684, 0.1251
-0.00140878, 0.00697315, 0.1252
-0.00140807, 0.00746914, 0.1253
-0.00140732, 0.0079648, 0.1254
-0.00140651, 0.00846012, 0.1255
-0.00140566, 0.00895508, 0.1256
-0.00140476, 0.00944966, 0.1257
-0.0014038, 0.00994387, 0.1258
-0.0014028, 0.0104377, 0.1259
-0.00140175, 0.0109311, 0.126
-0.00140065, 0.0114241, 0.1261
-0.0013995, 0.0119167, 0.1262
-0.0013983, 0.0124088, 0.1263
-0.00139705, 0.0129004, 0.1264
-0.00139575, 0.0133916, 0.1265
-0.0013944, 0.0138824, 0.1266
-0.00139301, 0.0143726, 0.1267
-0.00139156, 0.0148623, 0.1268
-0.00139007, 0.0153515, 0.1269
-0.00138852, 0.0158402, 0.127
-0.00138693, 0.0163284, 0.1271
-0.00138529, 0.016816, 0.1272
-0.0013836, 0.017303, 0.1273
-0.00138186, 0.0177895, 0.1274
-0.00138007, 0.0182753, 0.1275
-0.00137824, 0.0187606, 0.1276
-0.00137635, 0.0192453, 0.1277
-0.00137442, 0.0197293, 0.1278
-0.00137244, 0.0202127, 0.1279
-0.00137041, 0.0206955, 0.128
-0.00136833, 0.0211776, 0.1281
-0.00136621, 0.021659, 0.1282
-0.00136403, 0.0221398, 0.1283
-0.00136181, 0.0226198, 0.1284
-0.00135954, 0.0230992, 0.1285
-0.00135722, 0.0235778, 0.1286
-0.00135486, 0.0240557, 0.1287
-0.00135244, 0.0245328, 0.1288
-0.00134998, 0.0250092, 0.1289
-0.00134747, 0.0254849, 0.129
-0.00134492, 0.0259597, 0.1291
-0.00134231, 0.0264338, 0.1292
-0.00133966, 0.0269071, 0.1293
-0.00133696, 0.0273795, 0.1294
-0.00133422, 0.0278512, 0.1295
-0.00133143, 0.028322, 0.1296
-0.00132859, 0.0287919, 0.1297
-0.0013257, 0.029261, 0.1298
-0.00132276, 0.0297292, 0.1299
-0.00131978, 0.0301966, 0.13
-0.00131676, 0.030663, 0.1301
-0.00131368, 0.0311285, 0.1302
-0.00131056, 0.0315932, 0.1303
-0.00130739, 0.0320569, 0.1304
-0.00130418, 0.0325196, 0.1305
-0.00130092, 0.0329814, 0.1306
-0.00129762, 0.0334423, 0.1307
-0.00129426, 0.0339021, 0.1308
-0.00129087, 0.034361, 0.1309
-0.00128742, 0.0348189, 0.131
-0.00128393, 0.0352758, 0.1311
-0.0012804, 0.0357317, 0.1312
-0.00127682, 0.0361865, 0.1313
-0.00127319, 0.0366403, 0.1314
-0.00126952, 0.037093, 0.1315
-0.0012658, 0.0375447, 0.1316
-0.00126204, 0.0379953, 0.1317
-0.00125823, 0.0384448, 0.1318
-0.00125438, 0.0388932, 0.1319
-0.00125048, 0.0393405, 0.132
-0.00124654, 0.0397867, 0.1321
-0.00124256, 0.0402318, 0.1322
-0.00123853, 0.0406757, 0.1323
-0.00123445, 0.0411185, 0.1324
-0.00123033, 0.0415601, 0.1325
-0.00122617, 0.0420005, 0.1326
-0.00122196, 0.0424397, 0.1327
-0.00121771, 0.0428778, 0.1328
-0.00121342, 0.0433146, 0.1329
-0.00120908, 0.0437502, 0.133
-0.00120469, 0.0441846, 0.1331
-0.00120027, 0.0446178, 0.1332
-0.0011958, 0.0450497, 0.1333
-0.00119129, 0.0454803, 0.1334
-0.00118673, 0.0459097, 0.1335
-0.00118213, 0.0463378, 0.1336
-0.00117749, 0.0467646, 0.1337
-0.00117281, 0.0471901, 0.1338
-0.00116808, 0.0476143, 0.1339
-0.00116332, 0.0480371, 0.134
-0.0011585, 0.0484587, 0.1341
-0.00115365, 0.0488788, 0.1342
-0.00114876, 0.0492977, 0.1343
-0.00114382, 0.0497151, 0.1344
-0.00113884, 0.0501312, 0.1345
-0.00113382, 0.0505459, 0.1346
-0.00112876, 0.0509592, 0.1347
-0.00112366, 0.0513711, 0.1348
-0.00111851, 0.0517816, 0.1349
-0.00111333, 0.0521907, 0.135
-0.0011081, 0.0525983, 0.1351
-0.00110284, 0.0530045, 0.1352
-0.00109753, 0.0534092, 0.1353
-0.00109218, 0.0538124, 0.1354
-0.00108679, 0.0542142, 0.1355
-0.00108137, 0.0546145, 0.1356
-0.0010759, 0.0550133, 0.1357
-0.00107039, 0.0554106, 0.1358
-0.00106484, 0.0558063, 0.1359
-0.00105925, 0.0562006, 0.136
-0.00105363, 0.0565933, 0.1361
-0.00104796, 0.0569844, 0.1362
-0.00104226, 0.057374, 0.1363
-0.00103651, 0.0577621, 0.1364
-0.00103073, 0.0581486, 0.1365
-0.00102491, 0.0585334, 0.1366
-0.00101905, 0.0589167, 0.1367
-0.00101315, 0.0592984, 0.1368
-0.00100722, 0.0596785, 0.1369
-0.00100124, 0.060057, 0.137
-0.000995229, 0.0604338, 0.1371
-0.00098918, 0.060809, 0.1372
-0.000983092, 0.0611825, 0.1373
-0.000976968, 0.0615544, 0.1374
-0.000970806, 0.0619246, 0.1375
-0.000964608, 0.0622931, 0.1376
-0.000958372, 0.06266, 0.1377
-0.0009521, 0.0630251, 0.1378
-0.000945792, 0.0633886, 0.1379
-0.000939447, 0.0637503, 0.138
-0.000933066, 0.0641103, 0.1381
-0.000926649, 0.0644686, 0.1382
-0.000920196, 0.0648252, 0.1383
-0.000913708, 0.06518, 0.1384
-0.000907184, 0.065533, 0.1385
-0.000900625, 0.0658843, 0.1386
-0.000894031, 0.0662338, 0.1387
-0.000887401, 0.0665815, 0.1388
-0.000880738, 0.0669274, 0.1389
-0.000874039, 0.0672716, 0.139
-0.000867306, 0.0676139, 0.1391
-0.000860539, 0.0679544, 0.1392
-0.000853738, 0.0682931, 0.1393
-0.000846903, 0.0686299, 0.1394
-0.000840035, 0.0689649, 0.1395
-0.000833133, 0.0692981, 0.1396
-0.000826197, 0.0696294, 0.1397
-0.000819229, 0.0699588, 0.1398
-0.000812228, 0.0702863, 0.1399
-0.000805194, 0.070612, 0.14
-0.000798127, 0.0709358, 0.1401
-0.000791028, 0.0712577, 0.1402
-0.000783897, 0.0715777, 0.1403
-0.000776734, 0.0718957, 0.1404
-0.000769539, 0.0722119, 0.1405
-0.000762313, 0.0725261, 0.1406
-0.000755055, 0.0728383, 0.1407
-0.000747766, 0.0731487, 0.1408
-0.000740446, 0.073457, 0.1409
-0.000733095, 0.0737634, 0.141
-0.000725714, 0.0740679, 0.1411
-0.000718302, 0.0743704, 0.1412
-0.00071086, 0.0746708, 0.1413
-0.000703388, 0.0749693, 0.1414
-0.000695886, 0.0752658, 0.1415
-0.000688355, 0.0755603, 0.1416
-0.000680794, 0.0758528, 0.1417
-0.000673204, 0.0761433, 0.1418
-0.000665585, 0.0764317, 0.1419
-0.000657937, 0.0767181, 0.142
-0.00065026, 0.0770025, 0.1421
-0.000642555, 0.0772848, 0.1422
-0.000634822, 0.077565, 0.1423
-0.000627061, 0.0778432, 0.1424
-0.000619272, 0.0781194, 0.1425
-0.000611456, 0.0783934, 0.1426
-0.000603612, 0.0786654, 0.1427
-0.000595741, 0.0789353, 0.1428
-0.000587843, 0.0792031, 0.1429
-0.000579918, 0.0794687, 0.143
-0.000571967, 0.0797323, 0.1431
-0.00056399, 0.0799938, 0.1432
-0.000555986, 0.0802531, 0.1433
-0.000547956, 0.0805103, 0.1434
-0.000539901, 0.0807654, 0.1435
-0.00053182, 0.0810184, 0.1436
-0.000523714, 0.0812691, 0.1437
-0.000515583, 0.0815178, 0.1438
-0.000507428, 0.0817643, 0.1439
-0.000499247, 0.0820086, 0.144
-0.000491042, 0.0822507, 0.1441
-0.000482813, 0.0824907, 0.1442
-0.00047456, 0.0827285, 0.1443
-0.000466284, 0.0829641, 0.1444
-0.000457983, 0.0831975, 0.1445
-0.00044966, 0.0834287, 0.1446
-0.000441313, 0.0836577, 0.1447
-0.000432944, 0.0838845, 0.1448
-0.000424551, 0.0841091, 0.1449
-0.000416137, 0.0843314, 0.145
-0.0004077, 0.0845516, 0.1451
-0.000399241, 0.0847694, 0.1452
-0.000390761, 0.0849851, 0.1453
-0.000382259, 0.0851985, 0.1454
-0.000373735, 0.0854097, 0.1455
-0.000365191, 0.0856186, 0.1456
-0.000356626, 0.0858252, 0.1457
-0.00034804, 0.0860296, 0.1458
-0.000339434, 0.0862317, 0.1459
-0.000330807, 0.0864316, 0.146
-0.000322161, 0.0866291, 0.1461
-0.000313495, 0.0868244, 0.1462
-0.000304809, 0.0870174, 0.1463
-0.000296104, 0.0872081, 0.1464
-0.00028738, 0.0873965, 0.1465
-0.000278638, 0.0875826, 0.1466
-0.000269876, 0.0877664, 0.1467
-0.000261097, 0.0879479, 0.1468
-0.000252299, 0.0881271, 0.1469
-0.000243483, 0.0883039, 0.147
-0.00023465, 0.0884784, 0.1471
-0.000225799, 0.0886506, 0.1472
-0.000216932, 0.0888205, 0.1473
-0.000208047, 0.088988, 0.1474
-0.000199145, 0.0891532, 0.1475
-0.000190227, 0.089316, 0.1476
-0.000181293, 0.0894765, 0.1477
-0.000172343, 0.0896346, 0.1478
-0.000163377, 0.0897904, 0.1479
-0.000154395, 0.0899438, 0.148
-0.000145398, 0.0900949, 0.1481
-0.000136387, 0.0902436, 0.1482
-0.00012736, 0.0903899, 0.1483
-0.000118318, 0.0905338, 0.1484
-0.000109263, 0.0906754, 0.1485
-0.000100193, 0.0908146, 0.1486
-9.11092e-05, 0.0909514, 0.1487
-8.20119e-05, 0.0910858, 0.1488
-7.29012e-05, 0.0912178, 0.1489
-6.37773e-05, 0.0913474, 0.149
-5.46405e-05, 0.0914746, 0.1491
-4.5491e-05, 0.0915995, 0.1492
-3.63291e-05, 0.0917219, 0.1493
-2.71549e-05, 0.0918419, 0.1494
-1.79688e-05, 0.0919595, 0.1495
-8.77103e-06, 0.0920747, 0.1496
4.38261e-07, 0.0921874, 0.1497
9.65879e-06, 0.0922978, 0.1498
1.88903e-05, 0.0924057, 0.1499
2.81326e-05, 0.0925112, 0.15
3.73854e-05, 0.0926143, 0.1501
4.66484e-05, 0.092715, 0.1502
5.59215e-05, 0.0928132, 0.1503
6.52044e-05, 0.092909, 0.1504
7.44968e-05, 0.0930023, 0.1505
8.37985e-05, 0.0930933, 0.1506
9.31092e-05, 0.0931817, 0.1507
0.000102429, 0.0932678, 0.1508
0.000111757, 0.0933514, 0.1509
0.000121093, 0.0934325, 0.151
0.000130438, 0.0935112, 0.1511
0.00013979, 0.0935874, 0.1512
0.00014915, 0.0936612, 0.1513
0.000158517, 0.0937326, 0.1514
0.000167892, 0.0938015, 0.1515
0.000177273, 0.0938679, 0.1516
0.000186661, 0.0939319, 0.1517
0.000196055, 0.0939934, 0.1518
0.000205455, 0.0940524, 0.1519
0.000214861, 0.094109, 0.152
0.000224273, 0.0941632, 0.1521
0.00023369, 0.0942148, 0.1522
0.000243112, 0.094264, 0.1523
0.000252539, 0.0943107, 0.1524
0.000261971, 0.094355, 0.1525
0.000271407, 0.0943968, 0.1526
0.000280848, 0.0944361, 0.1527
0.000290292, 0.094473, 0.1528
0.00029974, 0.0945073, 0.1529
0.000309191, 0.0945392, 0.153
0.000318645, 0.0945687, 0.1531
0.000328102, 0.0945956, 0.1532
0.000337562, 0.0946201, 0.1533
0.000347025, 0.0946421, 0.1534
0.000356489, 0.0946616, 0.1535
0.000365955, 0.0946787, 0.1536
0.000375423, 0.0946933, 0.1537
0.000384893, 0.0947054, 0.1538
0.000394364, 0.094715, 0.1539
0.000403835, 0.0947222, 0.154
0.000413307, 0.0947268, 0.1541
0.00042278, 0.094729, 0.1542
0.000432253, 0.0947287, 0.1543
0.000441726, 0.094726, 0.1544
0.000451198, 0.0947208, 0.1545
0.00046067, 0.094713, 0.1546
0.000470141, 0.0947029, 0.1547
0.000479611, 0.0946902, 0.1548
0.00048908, 0.0946751, 0.1549
0.000498547, 0.0946574, 0.155
0.000508012, 0.0946374, 0.1551
0.000517476, 0.0946148, 0.1552
0.000526937, 0.0945898, 0.1553
0.000536395, 0.0945623, 0.1554
0.000545851, 0.0945323, 0.1555
0.000555303, 0.0944998, 0.1556
0.000564753, 0.0944649, 0.1557
0.000574198, 0.0944276, 0.1558
0.00058364, 0.0943877, 0.1559
0.000593078, 0.0943454, 0.156
0.000602512, 0.0943006, 0.1561
0.000611941, 0.0942534, 0.1562
0.000621366, 0.0942036, 0.1563
0.000630785, 0.0941515, 0.1564
0.000640199, 0.0940968, 0.1565
0.000649608, 0.0940398, 0.1566
0.000659011, 0.0939802, 0.1567
0.000668408, 0.0939182, 0.1568
0.000677799, 0.0938538, 0.1569
0.000687183, 0.0937868, 0.157
0.00069656, 0.0937175, 0.1571
0.000705931, 0.0936457, 0.1572
0.000715294, 0.0935714, 0.1573
0.00072465, 0.0934947, 0.1574
0.000733998, 0.0934156, 0.1575
0.000743338, 0.093334, 0.1576
0.00075267, 0.09325, 0.1577
0.000761994, 0.0931636, 0.1578
0.000771308, 0.0930747, 0.1579
0.000780614, 0.0929833, 0.158
0.000789911, 0.0928896, 0.1581
0.000799198, 0.0927934, 0.1582
0.000808476, 0.0926948, 0.1583
0.000817744, 0.0925938, 0.1584
0.000827001, 0.0924904, 0.1585
0.000836248, 0.0923845, 0.1586
0.000845485, 0.0922762, 0.1587
0.000854711, 0.0921656, 0.1588
0.000863925, 0.0920525, 0.1589
0.000873129, 0.091937, 0.159
0.00088232, 0.0918191, 0.1591
0.0008915, 0.0916988, 0.1592
0.000900668, 0.0915761, 0.1593
0.000909823, 0.091451, 0.1594
0.000918966, 0.0913236, 0.1595
0.000928096, 0.0911937, 0.1596
0.000937213, 0.0910615, 0.1597
0.000946317, 0.0909269, 0.1598
0.000955408, 0.0907899, 0.1599
0.000964484, 0.0906505, 0.16
0.000973547, 0.0905088, 0.1601
0.000982595, 0.0903647, 0.1602
0.000991629, 0.0902182, 0.1603
0.00100065, 0.0900694, 0.1604
0.00100965, 0.0899182, 0.1605
0.00101864, 0.0897647, 0.1606
0.00102762, 0.0896088, 0.1607
0.00103657, 0.0894506, 0.1608
0.00104552, 0.0892901, 0.1609
0.00105444, 0.0891272, 0.161
0.00106335, 0.088962, 0.1611
0.00107225, 0.0887945, 0.1612
0.00108112, 0.0886246, 0.1613
0.00108998, 0.0884524, 0.1614
0.00109882, 0.0882779, 0.1615
0.00110765, 0.0881012, 0.1616
0.00111646, 0.0879221, 0.1617
0.00112525, 0.0877407, 0.1618
0.00113402, 0.087557, 0.1619
0.00114277, 0.087371, 0.162
0.0011515, 0.0871827, 0.1621
0.00116022, 0.0869922, 0.1622
0.00116891, 0.0867994, 0.1623
0.00117759, 0.0866043, 0.1624
0.00118625, 0.0864069, 0.1625
0.00119488, 0.0862073, 0.1626
0.0012035, 0.0860055, 0.1627
0.0012121, 0.0858013, 0.1628
0.00122068, 0.085595, 0.1629
0.00122923, 0.0853864, 0.163
0.00123777, 0.0851756, 0.1631
0.00124628, 0.0849625, 0.1632
0.00125477, 0.0847472, 0.1633
0.00126324, 0.0845297, 0.1634
0.00127169, 0.08431, 0.1635
0.00128012, 0.0840881, 0.1636
0.00128853, 0.0838639, 0.1637
0.00129691, 0.0836376, 0.1638
0.00130527, 0.0834091, 0.1639
0.0013136, 0.0831784, 0.164
0.00132192, 0.0829456, 0.1641
0.00133021, 0.0827105, 0.1642
0.00133848, 0.0824733, 0.1643
0.00134672, 0.0822339, 0.1644
0.00135494, 0.0819924, 0.1645
0.00136313, 0.0817487, 0.1646
0.0013713, 0.0815029, 0.1647
0.00137945, 0.081255, 0.1648
0.00138757, 0.0810049, 0.1649
0.00139567, 0.0807527, 0.165
0.00140374, 0.0804984, 0.1651
0.00141178, 0.080242, 0.1652
0.0014198, 0.0799835, 0.1653
0.0014278, 0.0797228, 0.1654
0.00143577, 0.0794601, 0.1655
0.00144371, 0.0791953, 0.1656
0.00145162, 0.0789285, 0.1657
0.00145951, 0.0786595, 0.1658
0.00146737, 0.0783885, 0.1659
0.00147521, 0.0781155, 0.166
0.00148301, 0.0778403, 0.1661
0.00149079, 0.0775632, 0.1662
0.00149854, 0.077284, 0.1663
0.00150627, 0.0770028, 0.1664
0.00151396, 0.0767196, 0.1665
0.00152163, 0.0764343, 0.1666
0.00152927, 0.0761471, 0.1667
0.00153688, 0.0758578, 0.1668
0.00154446, 0.0755665, 0.1669
0.00155201, 0.0752733, 0.167
0.00155953, 0.0749781, 0.1671
0.00156703, 0.0746809, 0.1672
0.00157449, 0.0743818, 0.1673
0.00158192, 0.0740807, 0.1674
0.00158933, 0.0737776, 0.1675
0.0015967, 0.0734727, 0.1676
0.00160404, 0.0731657, 0.1677
0.00161135, 0.0728569, 0.1678
0.00161863, 0.0725462, 0.1679
0.00162588, 0.0722335, 0.168
0.0016331, 0.0719189, 0.1681
0.00164029, 0.0716025, 0.1682
0.00164744, 0.0712841, 0.1683
0.00165456, 0.0709639, 0.1684
0.00166166, 0.0706418, 0.1685
0.00166871, 0.0703179, 0.1686
0.00167574, 0.0699921, 0.1687
0.00168273, 0.0696645, 0.1688
0.00168969, 0.069335, 0.1689
0.00169662, 0.0690037, 0.169
0.00170352, 0.0686706, 0.1691
0.00171038, 0.0683356, 0.1692
0.00171721, 0.0679989, 0.1693
0.001724, 0.0676604, 0.1694
0.00173076, 0.0673201, 0.1695
0.00173749, 0.066978, 0.1696
0.00174418, 0.0666341, 0.1697
0.00175084, 0.0662885, 0.1698
0.00175746, 0.0659412, 0.1699
0.00176405, 0.065592, 0.17
0.0017706, 0.0652412, 0.1701
0.00177712, 0.0648887, 0.1702
0.0017836, 0.0645344, 0.1703
0.00179005, 0.0641784, 0.1704
0.00179646, 0.0638207, 0.1705
0.00180284, 0.0634614, 0.1706
0.00180918, 0.0631003, 0.1707
0.00181548, 0.0627376, 0.1708
0.00182175, 0.0623732, 0.1709
0.00182798, 0.0620072, 0.171
0.00183418, 0.0616396, 0.1711
0.00184033, 0.0612703, 0.1712
0.00184645, 0.0608993, 0.1713
0.00185254, 0.0605268, 0.1714
0.00185858, 0.0601527, 0.1715
0.00186459, 0.0597769, 0.1716
0.00187056, 0.0593996, 0.1717
0.0018765, 0.0590207, 0.1718
0.00188239, 0.0586403, 0.1719
0.00188825, 0.0582583, 0.172
0.00189407, 0.0578747, 0.1721
0.00189985, 0.0574896, 0.1722
0.00190559, 0.057103, 0.1723
0.0019113, 0.0567148, 0.1724
0.00191696, 0.0563252, 0.1725
0.00192259, 0.055934, 0.1726
0.00192818, 0.0555414, 0.1727
0.00193372, 0.0551472, 0.1728
0.00193923, 0.0547517, 0.1729
0.0019447, 0.0543546, 0.173
0.00195013, 0.0539561, 0.1731
0.00195552, 0.0535562, 0.1732
0.00196087, 0.0531548, 0.1733
0.00196617, 0.052752, 0.1734
0.00197144, 0.0523478, 0.1735
0.00197667, 0.0519422, 0.1736
0.00198186, 0.0515353, 0.1737
0.00198701, 0.0511269, 0.1738
0.00199211, 0.0507172, 0.1739
0.00199718, 0.0503061, 0.174
0.0020022, 0.0498937, 0.1741
0.00200718, 0.0494799, 0.1742
0.00201212, 0.0490649, 0.1743
0.00201702, 0.0486485, 0.1744
0.00202188, 0.0482307, 0.1745
0.0020267, 0.0478117, 0.1746
0.00203147, 0.0473915, 0.1747
0.0020362, 0.0469699, 0.1748
0.00204089, 0.0465471, 0.1749
0.00204554, 0.046123, 0.175
0.00205014, 0.0456977, 0.1751
0.00205471, 0.0452712, 0.1752
0.00205923, 0.0448434, 0.1753
0.0020637, 0.0444144, 0.1754
0.00206814, 0.0439843, 0.1755
0.00207253, 0.0435529, 0.1756
0.00207688, 0.0431204, 0.1757
0.00208118, 0.0426867, 0.1758
0.00208544, 0.0422518, 0.1759
0.00208966, 0.0418158, 0.176
0.00209384, 0.0413787, 0.1761
0.00209797, 0.0409405, 0.1762
0.00210205, 0.0405011, 0.1763
0.0021061, 0.0400606, 0.1764
0.00211009, 0.0396191, 0.1765
0.00211405, 0.0391765, 0.1766
0.00211796, 0.0387328, 0.1767
0.00212183, 0.038288, 0.1768
0.00212565, 0.0378422, 0.1769
0.00212942, 0.0373954, 0.177
0.00213316, 0.0369476, 0.1771
0.00213684, 0.0364987, 0.1772
0.00214048, 0.0360489, 0.1773
0.00214408, 0.035598, 0.1774
0.00214763, 0.0351462, 0.1775
0.00215114, 0.0346935, 0.1776
0.0021546, 0.0342397, 0.1777
0.00215802, 0.0337851, 0.1778
0.00216139, 0.0333294, 0.1779
0.00216472, 0.0328729, 0.178
0.002168, 0.0324155, 0.1781
0.00217123, 0.0319572, 0.1782
0.00217442, 0.031498, 0.1783
0.00217756, 0.0310379, 0.1784
0.00218066, 0.0305769, 0.1785
0.00218371, 0.0301152, 0.1786
0.00218671, 0.0296525, 0.1787
0.00218967, 0.0291891, 0.1788
0.00219258, 0.0287248, 0.1789
0.00219544, 0.0282597, 0.179
0.00219826, 0.0277939, 0.1791
0.00220103, 0.0273272, 0.1792
0.00220376, 0.0268598, 0.1793
0.00220644, 0.0263917, 0.1794
0.00220907, 0.0259227, 0.1795
0.00221165, 0.0254531, 0.1796
0.00221419, 0.0249827, 0.1797
0.00221668, 0.0245117, 0.1798
0.00221912, 0.0240399, 0.1799
0.00222152, 0.0235675, 0.18
0.00222387, 0.0230943, 0.1801
0.00222617, 0.0226205, 0.1802
0.00222842, 0.0221461, 0.1803
0.00223063, 0.021671, 0.1804
0.00223279, 0.0211953, 0.1805
0.0022349, 0.020719, 0.1806
0.00223696, 0.0202421, 0.1807
0.00223898, 0.0197646, 0.1808
0.00224095, 0.0192866, 0.1809
0.00224287, 0.0188079, 0.181
0.00224474, 0.0183287, 0.1811
0.00224657, 0.017849, 0.1812
0.00224834, 0.0173687, 0.1813
0.00225007, 0.0168879, 0.1814
0.00225175, 0.0164067, 0.1815
0.00225339, 0.0159249, 0.1816
0.00225497, 0.0154426, 0.1817
0.00225651, 0.0149599, 0.1818
0.00225799, 0.0144767, 0.1819
0.00225943, 0.0139931, 0.182
0.00226082, 0.013509, 0.1821
0.00226217, 0.0130245, 0.1822
0.00226346, 0.0125397, 0.1823
0.00226471, 0.0120544, 0.1824
0.00226591, 0.0115687, 0.1825
0.00226705, 0.0110827, 0.1826
0.00226815, 0.0105963, 0.1827
0.00226921, 0.0101095, 0.1828
0.00227021, 0.00962247, 0.1829
0.00227116, 0.00913508, 0.183
0.00227207, 0.00864737, 0.1831
0.00227292, 0.00815937, 0.1832
0.00227373, 0.00767109, 0.1833
0.00227449, 0.00718253, 0.1834
0.0022752, 0.00669371, 0.1835
0.00227586, 0.00620464, 0.1836
0.00227647, 0.00571534, 0.1837
0.00227704, 0.00522581, 0.1838
0.00227755, 0.00473607, 0.1839
0.00227802, 0.00424613, 0.184
0.00227843, 0.00375601, 0.1841
0.0022788, 0.00326571, 0.1842
0.00227912, 0.00277525, 0.1843
0.00227939, 0.00228464, 0.1844
0.00227961, 0.0017939, 0.1845
0.00227978, 0.00130303, 0.1846
0.0022799, 0.000812043, 0.1847
0.00227998, 0.00032096, 0.1848
0.00228, -0.000170211, 0.1849
0.00227997, -0.000661458, 0.185
0.0022799, -0.00115277, 0.1851
0.00227978, -0.00164413, 0.1852
0.0022796, -0.00213553, 0.1853
0.00227938, -0.00262695, 0.1854
0.00227911, -0.00311839, 0.1855
0.00227879, -0.00360983, 0.1856
0.00227842, -0.00410125, 0.1857
0.002278, -0.00459266, 0.1858
0.00227754, -0.00508403, 0.1859
0.00227702, -0.00557535, 0.186
0.00227645, -0.0060666, 0.1861
0.00227584, -0.00655779, 0.1862
0.00227517, -0.00704889, 0.1863
0.00227446, -0.00753989, 0.1864
0.0022737, -0.00803079, 0.1865
0.00227289, -0.00852156, 0.1866
0.00227203, -0.00901219, 0.1867
0.00227112, -0.00950268, 0.1868
0.00227016, -0.00999301, 0.1869
0.00226915, -0.0104832, 0.187
0.0022681, -0.0109731, 0.1871
0.00226699, -0.0114629, 0.1872
0.00226584, -0.0119525, 0.1873
0.00226463, -0.0124418, 0.1874
0.00226338, -0.0129309, 0.1875
0.00226208, -0.0134198, 0.1876
0.00226073, -0.0139084, 0.1877
0.00225933, -0.0143968, 0.1878
0.00225788, -0.0148848, 0.1879
0.00225639, -0.0153726, 0.188
0.00225484, -0.01586, 0.1881
0.00225325, -0.0163472, 0.1882
0.0022516, -0.016834, 0.1883
0.00224991, -0.0173204, 0.1884
0.00224817, -0.0178065, 0.1885
0.00224638, -0.0182923, 0.1886
0.00224455, -0.0187776, 0.1887
0.00224266, -0.0192626, 0.1888
0.00224072, -0.0197471, 0.1889
0.00223874, -0.0202313, 0.189
0.00223671, -0.020715, 0.1891
0.00223463, -0.0211983, 0.1892
0.0022325, -0.0216811, 0.1893
0.00223033, -0.0221634, 0.1894
0.0022281, -0.0226453, 0.1895
0.00222583, -0.0231267, 0.1896
0.00222351, -0.0236075, 0.1897
0.00222114, -0.0240879, 0.1898
0.00221872, -0.0245677, 0.1899
0.00221626, -0.025047, 0.19
0.00221375, -0.0255258, 0.1901
0.00221119, -0.026004, 0.1902
0.00220858, -0.0264816, 0.1903
0.00220592, -0.0269586, 0.1904
0.00220322, -0.027435, 0.1905
0.00220047, -0.0279109, 0.1906
0.00219767, -0.028386, 0.1907
0.00219482, -0.0288606, 0.1908
0.00219193, -0.0293345, 0.1909
0.00218899, -0.0298078, 0.191
0.002186, -0.0302803, 0.1911
0.00218296, -0.0307522, 0.1912
0.00217988, -0.0312235, 0.1913
0.00217675, -0.031694, 0.1914
0.00217357, -0.0321637, 0.1915
0.00217035, -0.0326328, 0.1916
0.00216708, -0.0331011, 0.1917
0.00216376, -0.0335687, 0.1918
0.00216039, -0.0340354, 0.1919
0.00215698, -0.0345015, 0.192
0.00215352, -0.0349667, 0.1921
0.00215002, -0.0354311, 0.1922
0.00214647, -0.0358947, 0.1923
0.00214287, -0.0363575, 0.1924
0.00213923, -0.0368195, 0.1925
0.00213554, -0.0372806, 0.1926
0.0021318, -0.0377408, 0.1927
0.00212802, -0.0382002, 0.1928
0.00212419, -0.0386587, 0.1929
0.00212032, -0.0391163, 0.193
0.0021164, -0.039573, 0.1931
0.00211243, -0.0400288, 0.1932
0.00210842, -0.0404837, 0.1933
0.00210437, -0.0409376, 0.1934
0.00210027, -0.0413906, 0.1935
0.00209612, -0.0418426, 0.1936
0.00209193, -0.0422936, 0.1937
0.00208769, -0.0427437, 0.1938
0.00208341, -0.0431927, 0.1939
0.00207908, -0.0436408, 0.194
0.00207471, -0.0440878, 0.1941
0.0020703, -0.0445338, 0.1942
0.00206583, -0.0449788, 0.1943
0.00206133, -0.0454227, 0.1944
0.00205678, -0.0458655, 0.1945
0.00205219, -0.0463073, 0.1946
0.00204755, -0.046748, 0.1947
0.00204287, -0.0471875, 0.1948
0.00203814, -0.047626, 0.1949
0.00203337, -0.0480634, 0.195
0.00202856, -0.0484996, 0.1951
0.0020237, -0.0489347, 0.1952
0.0020188, -0.0493686, 0.1953
0.00201385, -0.0498014, 0.1954
0.00200887, -0.050233, 0.1955
0.00200384, -0.0506634, 0.1956
0.00199876, -0.0510927, 0.1957
0.00199365, -0.0515207, 0.1958
0.00198849, -0.0519475, 0.1959
0.00198329, -0.052373, 0.196
0.00197804, -0.0527974, 0.1961
0.00197275, -0.0532205, 0.1962
0.00196743, -0.0536423, 0.1963
0.00196205, -0.0540628, 0.1964
0.00195664, -0.0544821, 0.1965
0.00195119, -0.0549001, 0.1966
0.00194569, -0.0553168, 0.1967
0.00194015, -0.0557322, 0.1968
0.00193457, -0.0561462, 0.1969
0.00192895, -0.0565589, 0.197
0.00192329, -0.0569703, 0.1971
0.00191758, -0.0573803, 0.1972
0.00191184, -0.057789, 0.1973
0.00190605, -0.0581962, 0.1974
0.00190023, -0.0586021, 0.1975
0.00189436, -0.0590066, 0.1976
0.00188845, -0.0594097, 0.1977
0.0018825, -0.0598114, 0.1978
0.00187652, -0.0602117, 0.1979
0.00187049, -0.0606105, 0.198
0.00186442, -0.0610078, 0.1981
0.00185831, -0.0614038, 0.1982
0.00185217, -0.0617982, 0.1983
0.00184598, -0.0621912, 0.1984
0.00183975, -0.0625827, 0.1985
0.00183349, -0.0629727, 0.1986
0.00182719, -0.0633612, 0.1987
0.00182084, -0.0637481, 0.1988
0.00181446, -0.0641336, 0.1989
0.00180804, -0.0645175, 0.199
0.00180158, -0.0648999, 0.1991
0.00179509, -0.0652807, 0.1992
0.00178855, -0.0656599, 0.1993
0.00178198, -0.0660376, 0.1994
0.00177537, -0.0664137, 0.1995
0.00176872, -0.0667882, 0.1996
0.00176204, -0.0671611, 0.1997
0.00175532, -0.0675324, 0.1998
0.00174856, -0.0679021, 0.1999
0.00174176, -0.0682702, 0.2
0.00173493, -0.0686366, 0.2001
0.00172806, -0.0690013, 0.2002
0.00172115, -0.0693644, 0.2003
0.00171421, -0.0697259, 0.2004
0.00170723, -0.0700856, 0.2005
0.00170022, -0.0704437, 0.2006
0.00169317, -0.0708001, 0.2007
0.00168608, -0.0711548, 0.2008
0.00167896, -0.0715078, 0.2009
0.0016718, -0.071859, 0.201
0.00166461, -0.0722085, 0.2011
0.00165738, -0.0725563, 0.2012
0.00165012, -0.0729024, 0.2013
0.00164283, -0.0732467, 0.2014
0.0016355, -0.0735892, 0.2015
0.00162813, -0.0739299, 0.2016
0.00162073, -0.0742689, 0.2017
0.0016133, -0.0746061, 0.2018
0.00160583, -0.0749415, 0.2019
0.00159833, -0.075275, 0.202
0.0015908, -0.0756068, 0.2021
0.00158323, -0.0759367, 0.2022
0.00157564, -0.0762648, 0.2023
0.001568, -0.0765911, 0.2024
0.00156034, -0.0769155, 0.2025
0.00155264, -0.0772381, 0.2026
0.00154491, -0.0775588, 0.2027
0.00153715, -0.0778776, 0.2028
0.00152936, -0.0781945, 0.2029
0.00152153, -0.0785096, 0.203
0.00151368, -0.0788227, 0.2031
0.00150579, -0.079134, 0.2032
0.00149787, -0.0794433, 0.2033
0.00148992, -0.0797508, 0.2034
0.00148194, -0.0800563, 0.2035
0.00147393, -0.0803598, 0.2036
0.00146589, -0.0806614, 0.2037
0.00145782, -0.0809611, 0.2038
0.00144972, -0.0812588, 0.2039
0.00144159, -0.0815545, 0.204
0.00143343, -0.0818483, 0.2041
0.00142524, -0.0821401, 0.2042
0.00141702, -0.0824299, 0.2043
0.00140877, -0.0827177, 0.2044
0.0014005, -0.0830035, 0.2045
0.00139219, -0.0832873, 0.2046
0.00138386, -0.0835691, 0.2047
0.0013755, -0.0838488, 0.2048
0.00136711, -0.0841265, 0.2049
0.00135869, -0.0844022, 0.205
0.00135024, -0.0846759, 0.2051
0.00134177, -0.0849474, 0.2052
0.00133327, -0.085217, 0.2053
0.00132475, -0.0854844, 0.2054
0.00131619, -0.0857498, 0.2055
0.00130761, -0.0860131, 0.2056
0.00129901, -0.0862743, 0.2057
0.00129038, -0.0865335, 0.2058
0.00128172, -0.0867905, 0.2059
0.00127304, -0.0870454, 0.206
0.00126433, -0.0872982, 0.2061
0.00125559, -0.0875489, 0.2062
0.00124683, -0.0877975, 0.2063
0.00123805, -0.0880439, 0.2064
0.00122924, -0.0882882, 0.2065
0.00122041, -0.0885304, 0.2066
0.00121155, -0.0887704, 0.2067
0.00120267, -0.0890083, 0.2068
0.00119377, -0.089244, 0.2069
0.00118484, -0.0894775, 0.207
0.00117589, -0.0897088, 0.2071
0.00116691, -0.089938, 0.2072
0.00115791, -0.090165, 0.2073
0.00114889, -0.0903898, 0.2074
0.00113985, -0.0906124, 0.2075
0.00113079, -0.0908328, 0.2076
0.0011217, -0.091051, 0.2077
0.00111259, -0.091267, 0.2078
0.00110346, -0.0914807, 0.2079
0.00109431, -0.0916923, 0.208
0.00108514, -0.0919016, 0.2081
0.00107594, -0.0921087, 0.2082
0.00106673, -0.0923135, 0.2083
0.00105749, -0.0925161, 0.2084
0.00104824, -0.0927164, 0.2085
0.00103896, -0.0929145, 0.2086
0.00102967, -0.0931103, 0.2087
0.00102036, -0.0933039, 0.2088
0.00101102, -0.0934952, 0.2089
0.00100167, -0.0936842, 0.209
0.000992298, -0.0938709, 0.2091
0.000982908, -0.0940554, 0.2092
0.000973499, -0.0942375, 0.2093
0.000964073, -0.0944174, 0.2094
0.000954628, -0.094595, 0.2095
0.000945166, -0.0947702, 0.2096
0.000935686, -0.0949432, 0.2097
0.000926189, -0.0951138, 0.2098
0.000916674, -0.0952822, 0.2099
0.000907144, -0.0954482, 0.21
0.000897596, -0.0956119, 0.2101
0.000888032, -0.0957732, 0.2102
0.000878452, -0.0959322, 0.2103
0.000868857, -0.0960889, 0.2104
0.000859245, -0.0962433, 0.2105
0.000849618, -0.0963953, 0.2106
0.000839976, -0.0965449, 0.2107
0.000830319, -0.0966922, 0.2108
0.000820648, -0.0968372, 0.2109
0.000810962, -0.0969798, 0.211
0.000801262, -0.09712, 0.2111
0.000791547, -0.0972578, 0.2112
0.000781819, -0.0973933, 0.2113
0.000772078, -0.0975264, 0.2114
0.000762323, -0.0976572, 0.2115
0.000752555, -0.0977855, 0.2116
0.000742775, -0.0979115, 0.2117
0.000732981, -0.0980351, 0.2118
0.000723176, -0.0981563, 0.2119
0.000713358, -0.0982751, 0.212
0.000703529, -0.0983915, 0.2121
0.000693688, -0.0985055, 0.2122
0.000683836, -0.0986171, 0.2123
0.000673972, -0.0987263, 0.2124
0.000664098, -0.098833, 0.2125
0.000654213, -0.0989374, 0.2126
0.000644318, -0.0990394, 0.2127
0.000634412, -0.0991389, 0.2128
0.000624497, -0.0992361, 0.2129
0.000614571, -0.0993308, 0.213
0.000604637, -0.0994231, 0.2131
0.000594693, -0.0995129, 0.2132
0.00058474, -0.0996003, 0.2133
0.000574779, -0.0996854, 0.2134
0.000564809, -0.0997679, 0.2135
0.000554831, -0.0998481, 0.2136
0.000544845, -0.0999258, 0.2137
0.000534851, -0.100001, 0.2138
0.00052485, -0.100074, 0.2139
0.000514842, -0.100144, 0.214
0.000504826, -0.100212, 0.2141
0.000494804, -0.100278, 0.2142
0.000484775, -0.100341, 0.2143
0.00047474, -0.100401, 0.2144
0.000464699, -0.100459, 0.2145
0.000454652, -0.100515, 0.2146
0.0004446, -0.100568, 0.2147
0.000434542, -0.100619, 0.2148
0.00042448, -0.100667, 0.2149
0.000414412, -0.100713, 0.215
0.00040434, -0.100757, 0.2151
0.000394264, -0.100798, 0.2152
0.000384183, -0.100836, 0.2153
0.000374099, -0.100872, 0.2154
0.000364012, -0.100906, 0.2155
0.000353921, -0.100937, 0.2156
0.000343827, -0.100965, 0.2157
0.00033373, -0.100992, 0.2158
0.00032363, -0.101015, 0.2159
0.000313528, -0.101036, 0.216
0.000303424, -0.101055, 0.2161
0.000293319, -0.101072, 0.2162
0.000283211, -0.101085, 0.2163
0.000273103, -0.101097, 0.2164
0.000262993, -0.101106, 0.2165
0.000252882, -0.101112, 0.2166
0.000242771, -0.101116, 0.2167
0.00023266, -0.101117, 0.2168
0.000222548, -0.101116, 0.2169
0.000212436, -0.101113, 0.217
0.000202325, -0.101107, 0.2171
0.000192215, -0.101099, 0.2172
0.000182105, -0.101088, 0.2173
0.000171997, -0.101074, 0.2174
0.00016189, -0.101059, 0.2175
0.000151784, -0.10104, 0.2176
0.00014168, -0.101019, 0.2177
0.000131579, -0.100996, 0.2178
0.00012148, -0.100971, 0.2179
0.000111383, -0.100942, 0.218
0.00010129, -0.100912, 0.2181
9.11991e-05, -0.100879, 0.2182
8.11118e-05, -0.100843, 0.2183
7.10282e-05, -0.100805, 0.2184
6.09484e-05, -0.100765, 0.2185
5.08728e-05, -0.100722, 0.2186
4.08014e-05, -0.100676, 0.2187
3.07346e-05, -0.100628, 0.2188
2.06727e-05, -0.100578, 0.2189
1.06158e-05, -0.100525, 0.219
5.64299e-07, -0.10047, 0.2191
-9.48168e-06, -0.100412, 0.2192
-1.95219e-05, -0.100352, 0.2193
-2.9556e-05, -0.10029, 0.2194
-3.95838e-05, -0.100225, 0.2195
-4.9605e-05, -0.100157, 0.2196
-5.96195e-05, -0.100087, 0.2197
-6.9627e-05, -0.100015, 0.2198
-7.96271e-05, -0.0999399, 0.2199
-8.96197e-05, -0.0998626, 0.22
-9.96046e-05, -0.0997829, 0.2201
-0.000109581, -0.0997007, 0.2202
-0.00011955, -0.0996161, 0.2203
-0.00012951, -0.099529, 0.2204
-0.000139461, -0.0994396, 0.2205
-0.000149404, -0.0993477, 0.2206
-0.000159337, -0.0992534, 0.2207
-0.000169261, -0.0991566, 0.2208
-0.000179175, -0.0990574, 0.2209
-0.000189079, -0.0989558, 0.221
-0.000198972, -0.0988518, 0.2211
-0.000208856, -0.0987454, 0.2212
-0.000218728, -0.0986365, 0.2213
-0.00022859, -0.0985253, 0.2214
-0.000238441, -0.0984116, 0.2215
-0.00024828, -0.0982955, 0.2216
-0.000258107, -0.0981771, 0.2217
-0.000267923, -0.0980562, 0.2218
-0.000277726, -0.0979329, 0.2219
-0.000287518, -0.0978073, 0.222
-0.000297296, -0.0976792, 0.2221
-0.000307062, -0.0975488, 0.2222
-0.000316814, -0.0974159, 0.2223
-0.000326554, -0.0972807, 0.2224
-0.000336279, -0.0971431, 0.2225
-0.000345991, -0.0970032, 0.2226
-0.000355689, -0.0968609, 0.2227
-0.000365373, -0.0967162, 0.2228
-0.000375042, -0.0965691, 0.2229
-0.000384696, -0.0964197, 0.223
-0.000394336, -0.0962679, 0.2231
-0.00040396, -0.0961138, 0.2232
-0.000413568, -0.0959573, 0.2233
-0.000423161, -0.0957985, 0.2234
-0.000432739, -0.0956373, 0.2235
-0.000442299, -0.0954738, 0.2236
-0.000451844, -0.095308, 0.2237
-0.000461372, -0.0951398, 0.2238
-0.000470883, -0.0949693, 0.2239
-0.000480377, -0.0947965, 0.224
-0.000489854, -0.0946214, 0.2241
-0.000499313, -0.094444, 0.2242
-0.000508754, -0.0942642, 0.2243
-0.000518177, -0.0940822, 0.2244
-0.000527583, -0.0938979, 0.2245
-0.000536969, -0.0937112, 0.2246
-0.000546337, -0.0935223, 0.2247
-0.000555686, -0.0933311, 0.2248
-0.000565016, -0.0931376, 0.2249
-0.000574326, -0.0929418, 0.225
-0.000583617, -0.0927438, 0.2251
-0.000592888, -0.0925435, 0.2252
-0.000602139, -0.0923409, 0.2253
-0.00061137, -0.0921361, 0.2254
-0.00062058, -0.091929, 0.2255
-0.000629769, -0.0917197, 0.2256
-0.000638937, -0.0915081, 0.2257
-0.000648085, -0.0912944, 0.2258
-0.00065721, -0.0910783, 0.2259
-0.000666314, -0.0908601, 0.226
-0.000675397, -0.0906396, 0.2261
-0.000684457, -0.0904169, 0.2262
-0.000693495, -0.0901921, 0.2263
-0.00070251, -0.089965, 0.2264
-0.000711503, -0.0897357, 0.2265
-0.000720472, -0.0895042, 0.2266
-0.000729419, -0.0892705, 0.2267
-0.000738342, -0.0890347, 0.2268
-0.000747241, -0.0887967, 0.2269
-0.000756117, -0.0885565, 0.227
-0.000764968, -0.0883142, 0.2271
-0.000773796, -0.0880697, 0.2272
-0.000782599, -0.087823, 0.2273
-0.000791377, -0.0875742, 0.2274
-0.00080013, -0.0873233, 0.2275
-0.000808858, -0.0870702, 0.2276
-0.000817561, -0.086815, 0.2277
-0.000826238, -0.0865577, 0.2278
-0.000834889, -0.0862983, 0.2279
-0.000843514, -0.0860368, 0.228
-0.000852114, -0.0857732, 0.2281
-0.000860686, -0.0855074, 0.2282
-0.000869233, -0.0852396, 0.2283
-0.000877752, -0.0849698, 0.2284
-0.000886244, -0.0846978, 0.2285
-0.00089471, -0.0844238, 0.2286
-0.000903147, -0.0841477, 0.2287
-0.000911557, -0.0838696, 0.2288
-0.00091994, -0.0835894, 0.2289
-0.000928294, -0.0833072, 0.229
-0.00093662, -0.0830229, 0.2291
-0.000944917, -0.0827366, 0.2292
-0.000953186, -0.0824484, 0.2293
-0.000961426, -0.0821581, 0.2294
-0.000969637, -0.0818657, 0.2295
-0.000977818, -0.0815714, 0.2296
-0.00098597, -0.0812752, 0.2297
-0.000994093, -0.0809769, 0.2298
-0.00100219, -0.0806766, 0.2299
-0.00101025, -0.0803744, 0.23
-0.00101828, -0.0800703, 0.2301
-0.00102628, -0.0797641, 0.2302
-0.00103425, -0.0794561, 0.2303
-0.00104219, -0.0791461, 0.2304
-0.0010501, -0.0788341, 0.2305
-0.00105798, -0.0785203, 0.2306
-0.00106583, -0.0782045, 0.2307
-0.00107364, -0.0778869, 0.2308
-0.00108143, -0.0775673, 0.2309
-0.00108918, -0.0772458, 0.231
-0.0010969, -0.0769225, 0.2311
-0.00110458, -0.0765973, 0.2312
-0.00111224, -0.0762702, 0.2313
-0.00111986, -0.0759413, 0.2314
-0.00112745, -0.0756105, 0.2315
-0.001135, -0.0752779, 0.2316
-0.00114253, -0.0749434, 0.2317
-0.00115001, -0.0746071, 0.2318
-0.00115747, -0.0742691, 0.2319
-0.00116489, -0.0739292, 0.232
-0.00117228, -0.0735875, 0.2321
-0.00117963, -0.073244, 0.2322
-0.00118695, -0.0728987, 0.2323
-0.00119423, -0.0725517, 0.2324
-0.00120148, -0.0722028, 0.2325
-0.0012087, -0.0718523, 0.2326
-0.00121588, -0.0715, 0.2327
-0.00122302, -0.0711459, 0.2328
-0.00123013, -0.0707901, 0.2329
-0.0012372, -0.0704326, 0.233
-0.00124424, -0.0700734, 0.2331
-0.00125124, -0.0697125, 0.2332
-0.00125821, -0.0693499, 0.2333
-0.00126513, -0.0689856, 0.2334
-0.00127203, -0.0686196, 0.2335
-0.00127888, -0.068252, 0.2336
-0.0012857, -0.0678827, 0.2337
-0.00129248, -0.0675118, 0.2338
-0.00129923, -0.0671392, 0.2339
-0.00130594, -0.066765, 0.234
-0.00131261, -0.0663891, 0.2341
-0.00131924, -0.0660117, 0.2342
-0.00132583, -0.0656327, 0.2343
-0.00133239, -0.065252, 0.2344
-0.00133891, -0.0648698, 0.2345
-0.00134539, -0.064486, 0.2346
-0.00135183, -0.0641006, 0.2347
-0.00135824, -0.0637137, 0.2348
-0.0013646, -0.0633253, 0.2349
-0.00137093, -0.0629353, 0.235
-0.00137721, -0.0625438, 0.2351
-0.00138346, -0.0621507, 0.2352
-0.00138967, -0.0617562, 0.2353
-0.00139584, -0.0613602, 0.2354
-0.00140197, -0.0609626, 0.2355
-0.00140806, -0.0605636, 0.2356
-0.00141411, -0.0601632, 0.2357
-0.00142012, -0.0597613, 0.2358
-0.00142609, -0.0593579, 0.2359
-0.00143201, -0.0589531, 0.236
-0.0014379, -0.0585469, 0.2361
-0.00144375, -0.0581392, 0.2362
-0.00144956, -0.0577302, 0.2363
-0.00145532, -0.0573197, 0.2364
-0.00146105, -0.0569079, 0.2365
-0.00146673, -0.0564947, 0.2366
-0.00147238, -0.0560801, 0.2367
-0.00147798, -0.0556642, 0.2368
-0.00148354, -0.0552469, 0.2369
-0.00148905, -0.0548283, 0.237
-0.00149453, -0.0544083, 0.2371
-0.00149996, -0.0539871, 0.2372
-0.00150535, -0.0535646, 0.2373
-0.0015107, -0.0531407, 0.2374
-0.00151601, -0.0527156, 0.2375
-0.00152128, -0.0522892, 0.2376
-0.0015265, -0.0518615, 0.2377
-0.00153168, -0.0514326, 0.2378
-0.00153681, -0.0510025, 0.2379
-0.0015419, -0.0505711, 0.238
-0.00154695, -0.0501385, 0.2381
-0.00155196, -0.0497047, 0.2382
-0.00155692, -0.0492698, 0.2383
-0.00156184, -0.0488336, 0.2384
-0.00156672, -0.0483962, 0.2385
-0.00157155, -0.0479577, 0.2386
-0.00157634, -0.047518, 0.2387
-0.00158109, -0.0470772, 0.2388
-0.00158579, -0.0466353, 0.2389
-0.00159044, -0.0461922, 0.239
-0.00159505, -0.0457481, 0.2391
-0.00159962, -0.0453028, 0.2392
-0.00160414, -0.0448565, 0.2393
-0.00160862, -0.044409, 0.2394
-0.00161306, -0.0439605, 0.2395
-0.00161744, -0.043511, 0.2396
-0.00162179, -0.0430604, 0.2397
-0.00162609, -0.0426088, 0.2398
-0.00163034, -0.0421561, 0.2399
-0.00163455, -0.0417025, 0.24
-0.00163871, -0.0412479, 0.2401
-0.00164283, -0.0407922, 0.2402
-0.0016469, -0.0403356, 0.2403
-0.00165092, -0.0398781, 0.2404
-0.0016549, -0.0394195, 0.2405
-0.00165884, -0.0389601, 0.2406
-0.00166273, -0.0384997, 0.2407
-0.00166657, -0.0380384, 0.2408
-0.00167037, -0.0375762, 0.2409
-0.00167411, -0.0371131, 0.241
-0.00167782, -0.0366491, 0.2411
-0.00168148, -0.0361842, 0.2412
-0.00168509, -0.0357185, 0.2413
-0.00168865, -0.035252, 0.2414
-0.00169217, -0.0347846, 0.2415
-0.00169564, -0.0343163, 0.2416
-0.00169906, -0.0338473, 0.2417
-0.00170244, -0.0333775, 0.2418
-0.00170577, -0.0329068, 0.2419
-0.00170905, -0.0324354, 0.242
-0.00171229, -0.0319632, 0.2421
-0.00171548, -0.0314903, 0.2422
-0.00171862, -0.0310166, 0.2423
-0.00172171, -0.0305422, 0.2424
-0.00172476, -0.0300671, 0.2425
-0.00172776, -0.0295913, 0.2426
-0.00173071, -0.0291148, 0.2427
-0.00173361, -0.0286376, 0.2428
-0.00173647, -0.0281597, 0.2429
-0.00173927, -0.0276811, 0.243
-0.00174203, -0.027202, 0.2431
-0.00174475, -0.0267221, 0.2432
-0.00174741, -0.0262417, 0.2433
-0.00175003, -0.0257606, 0.2434
-0.00175259, -0.025279, 0.2435
-0.00175511, -0.0247967, 0.2436
-0.00175759, -0.0243139, 0.2437
-0.00176001, -0.0238305, 0.2438
-0.00176238, -0.0233466, 0.2439
-0.00176471, -0.0228621, 0.244
-0.00176699, -0.0223771, 0.2441
-0.00176922, -0.0218916, 0.2442
-0.0017714, -0.0214056, 0.2443
-0.00177353, -0.0209191, 0.2444
-0.00177562, -0.0204321, 0.2445
-0.00177765, -0.0199446, 0.2446
-0.00177964, -0.0194567, 0.2447
-0.00178157, -0.0189683, 0.2448
-0.00178346, -0.0184795, 0.2449
-0.0017853, -0.0179903, 0.245
-0.00178709, -0.0175007, 0.2451
-0.00178883, -0.0170107, 0.2452
-0.00179053, -0.0165203, 0.2453
-0.00179217, -0.0160295, 0.2454
-0.00179377, -0.0155384, 0.2455
-0.00179531, -0.015047, 0.2456
-0.00179681, -0.0145552, 0.2457
-0.00179826, -0.0140631, 0.2458
-0.00179965, -0.0135706, 0.2459
-0.001801, -0.0130779, 0.246
-0.0018023, -0.0125849, 0.2461
-0.00180355, -0.0120916, 0.2462
-0.00180475, -0.0115981, 0.2463
-0.0018059, -0.0111043, 0.2464
-0.00180701, -0.0106103, 0.2465
-0.00180806, -0.010116, 0.2466
-0.00180906, -0.00962158, 0.2467
-0.00181002, -0.00912693, 0.2468
-0.00181092, -0.00863209, 0.2469
-0.00181178, -0.00813708, 0.247
-0.00181258, -0.00764191, 0.2471
-0.00181334, -0.0071466, 0.2472
-0.00181404, -0.00665114, 0.2473
-0.0018147, -0.00615556, 0.2474
-0.00181531, -0.00565987, 0.2475
-0.00181587, -0.00516408, 0.2476
-0.00181637, -0.00466821, 0.2477
-0.00181683, -0.00417225, 0.2478
-0.00181724, -0.00367624, 0.2479
-0.0018176, -0.00318018, 0.248
-0.00181791, -0.00268408, 0.2481
-0.00181817, -0.00218795, 0.2482
-0.00181838, -0.00169181, 0.2483
-0.00181854, -0.00119568, 0.2484
-0.00181865, -0.000699549, 0.2485
-0.00181871, -0.000203447, 0.2486
-0.00181873, 0.000292618, 0.2487
-0.00181869, 0.000788635, 0.2488
-0.0018186, 0.00128459, 0.2489
-0.00181847, 0.00178047, 0.249
-0.00181828, 0.00227627, 0.2491
-0.00181804, 0.00277196, 0.2492
-0.00181776, 0.00326755, 0.2493
-0.00181742, 0.00376301, 0.2494
-0.00181704, 0.00425834, 0.2495
-0.0018166, 0.00475351, 0.2496
-0.00181612, 0.00524853, 0.2497
-0.00181559, 0.00574338, 0.2498
-0.001815, 0.00623804, 0.2499
-0.00181437, 0.0067325, 0.25
-0.00181369, 0.00722676, 0.2501
-0.00181296, 0.00772079, 0.2502
-0.00181218, 0.00821459, 0.2503
-0.00181135, 0.00870814, 0.2504
-0.00181047, 0.00920143, 0.2505
-0.00180954, 0.00969446, 0.2506
-0.00180856, 0.0101872, 0.2507
-0.00180754, 0.0106796, 0.2508
-0.00180646, 0.0111718, 0.2509
-0.00180534, 0.0116636, 0.251
-0.00180416, 0.0121551, 0.2511
-0.00180294, 0.0126462, 0.2512
-0.00180167, 0.013137, 0.2513
-0.00180034, 0.0136274, 0.2514
