0, 0, 0
1.3e-09, 3.86995e-05, 0.0001
8.92699e-09, 0.000151065, 0.0002
2.87832e-08, 0.000331178, 0.0003
6.75018e-08, 0.000572376, 0.0004
1.31105e-07, 0.000868597, 0.0005
2.25018e-07, 0.00121437, 0.0006
3.54127e-07, 0.00160473, 0.0007
5.2283e-07, 0.00203524, 0.0008
7.35083e-07, 0.00250183, 0.0009
9.94445e-07, 0.00300088, 0.001
1.30411e-06, 0.00352907, 0.0011
1.66696e-06, 0.00408344, 0.0012
2.08557e-06, 0.00466129, 0.0013
2.56226e-06, 0.00526019, 0.0014
3.09909e-06, 0.00587793, 0.0015
3.69793e-06, 0.00651252, 0.0016
4.36043e-06, 0.00716216, 0.0017
5.08808e-06, 0.00782522, 0.0018
5.8822e-06, 0.00850022, 0.0019
6.74396e-06, 0.00918583, 0.002
7.67441e-06, 0.00988083, 0.0021
8.67446e-06, 0.0105841, 0.0022
9.74495e-06, 0.0112947, 0.0023
1.08866e-05, 0.0120117, 0.0024
1.21e-05, 0.0127343, 0.0025
1.33857e-05, 0.0134617, 0.0026
1.47442e-05, 0.0141933, 0.0027
1.61759e-05, 0.0149284, 0.0028
1.76812e-05, 0.0156665, 0.0029
1.92603e-05, 0.0164071, 0.003
2.09135e-05, 0.0171497, 0.0031
2.26409e-05, 0.0178939, 0.0032
2.44428e-05, 0.0186393, 0.0033
2.63193e-05, 0.0193855, 0.0034
2.82703e-05, 0.0201322, 0.0035
3.0296e-05, 0.0208792, 0.0036
3.23964e-05, 0.0216261, 0.0037
3.45715e-05, 0.0223728, 0.0038
3.68213e-05, 0.0231188, 0.0039
3.91456e-05, 0.0238642, 0.004
4.15445e-05, 0.0246086, 0.0041
4.40177e-05, 0.0253519, 0.0042
4.65653e-05, 0.0260939, 0.0043
4.9187e-05, 0.0268345, 0.0044
5.18828e-05, 0.0275735, 0.0045
5.46524e-05, 0.0283107, 0.0046
5.74957e-05, 0.0290461, 0.0047
6.04126e-05, 0.0297795, 0.0048
6.34027e-05, 0.0305109, 0.0049
6.64659e-05, 0.03124, 0.005
6.9602e-05, 0.0319669, 0.0051
7.28108e-05, 0.0326913, 0.0052
7.60919e-05, 0.0334133, 0.0053
7.94452e-05, 0.0341328, 0.0054
8.28704e-05, 0.0348496, 0.0055
8.63673e-05, 0.0355637, 0.0056
8.99354e-05, 0.036275, 0.0057
9.35747e-05, 0.0369834, 0.0058
9.72848e-05, 0.037689, 0.0059
0.000101065, 0.0383915, 0.006
0.000104916, 0.039091, 0.0061
0.000108837, 0.0397873, 0.0062
0.000112827, 0.0404805, 0.0063
0.000116887, 0.0411704, 0.0064
0.000121015, 0.0418571, 0.0065
0.000125212, 0.0425404, 0.0066
0.000129477, 0.0432203, 0.0067
0.000133811, 0.0438967, 0.0068
0.000138211, 0.0445697, 0.0069
0.00014268, 0.0452391, 0.007
0.000147214, 0.0459049, 0.0071
0.000151816, 0.046567, 0.0072
0.000156484, 0.0472255, 0.0073
0.000161217, 0.0478802, 0.0074
0.000166016, 0.0485311, 0.0075
0.00017088, 0.0491782, 0.0076
0.000175808, 0.0498215, 0.0077
0.000180801, 0.0504608, 0.0078
0.000185857, 0.0510961, 0.0079
0.000190978, 0.0517274, 0.008
0.000196161, 0.0523547, 0.0081
0.000201406, 0.0529779, 0.0082
0.000206714, 0.053597, 0.0083
0.000212084, 0.0542118, 0.0084
0.000217516, 0.0548225, 0.0085
0.000223008, 0.0554289, 0.0086
0.000228561, 0.0560311, 0.0087
0.000234174, 0.0566289, 0.0088
0.000239846, 0.0572223, 0.0089
0.000245578, 0.0578113, 0.009
0.000251369, 0.0583959, 0.0091
0.000257218, 0.058976, 0.0092
0.000263126, 0.0595516, 0.0093
0.00026909, 0.0601226, 0.0094
0.000275112, 0.0606891, 0.0095
0.00028119, 0.0612509, 0.0096
0.000287324, 0.061808, 0.0097
0.000293514, 0.0623604, 0.0098
0.000299759, 0.0629081, 0.0099
0.000306059, 0.0634511, 0.01
0.000312413, 0.0639892, 0.0101
0.000318821, 0.0645225, 0.0102
0.000325282, 0.0650509, 0.0103
0.000331795, 0.0655745, 0.0104
0.000338361, 0.0660931, 0.0105
0.000344979, 0.0666067, 0.0106
0.000351648, 0.0671153, 0.0107
0.000358368, 0.0676189, 0.0108
0.000365138, 0.0681174, 0.0109
0.000371958, 0.0686108, 0.011
0.000378827, 0.0690991, 0.0111
0.000385745, 0.0695822, 0.0112
0.000392711, 0.0700602, 0.0113
0.000399725, 0.0705329, 0.0114
0.000406786, 0.0710003, 0.0115
0.000413893, 0.0714625, 0.0116
0.000421047, 0.0719194, 0.0117
0.000428247, 0.072371, 0.0118
0.000435491, 0.0728172, 0.0119
0.00044278, 0.073258, 0.012
0.000450113, 0.0736934, 0.0121
0.000457489, 0.0741233, 0.0122
0.000464909, 0.0745478, 0.0123
0.00047237, 0.0749667, 0.0124
0.000479874, 0.0753802, 0.0125
0.000487418, 0.0757881, 0.0126
0.000495004, 0.0761904, 0.0127
0.000502629, 0.0765871, 0.0128
0.000510294, 0.0769782, 0.0129
0.000517998, 0.0773636, 0.013
0.000525741, 0.0777434, 0.0131
0.000533522, 0.0781174, 0.0132
0.000541339, 0.0784858, 0.0133
0.000549194, 0.0788484, 0.0134
0.000557084, 0.0792052, 0.0135
0.000565011, 0.0795563, 0.0136
0.000572972, 0.0799015, 0.0137
0.000580968, 0.0802409, 0.0138
0.000588997, 0.0805745, 0.0139
0.00059706, 0.0809021, 0.014
0.000605155, 0.0812239, 0.0141
0.000613283, 0.0815398, 0.0142
0.000621442, 0.0818497, 0.0143
0.000629632, 0.0821537, 0.0144
0.000637852, 0.0824517, 0.0145
0.000646102, 0.0827438, 0.0146
0.000654381, 0.0830298, 0.0147
0.000662688, 0.0833098, 0.0148
0.000671024, 0.0835837, 0.0149
0.000679387, 0.0838516, 0.015
0.000687776, 0.0841134, 0.0151
0.000696191, 0.0843692, 0.0152
0.000704632, 0.0846188, 0.0153
0.000713098, 0.0848623, 0.0154
0.000721588, 0.0850997, 0.0155
0.000730102, 0.0853309, 0.0156
0.000738639, 0.0855559, 0.0157
0.000747198, 0.0857748, 0.0158
0.000755779, 0.0859875, 0.0159
0.000764381, 0.0861939, 0.016
0.000773003, 0.0863942, 0.0161
0.000781646, 0.0865882, 0.0162
0.000790307, 0.086776, 0.0163
0.000798988, 0.0869575, 0.0164
0.000807686, 0.0871328, 0.0165
0.000816402, 0.0873017, 0.0166
0.000825135, 0.0874645, 0.0167
0.000833884, 0.0876209, 0.0168
0.000842648, 0.087771, 0.0169
0.000851428, 0.0879148, 0.017
0.000860221, 0.0880522, 0.0171
0.000869029, 0.0881834, 0.0172
0.000877849, 0.0883082, 0.0173
0.000886682, 0.0884266, 0.0174
0.000895526, 0.0885388, 0.0175
0.000904381, 0.0886445, 0.0176
0.000913247, 0.0887439, 0.0177
0.000922123, 0.0888369, 0.0178
0.000931008, 0.0889236, 0.0179
0.000939902, 0.0890038, 0.018
0.000948803, 0.0890777, 0.0181
0.000957712, 0.0891452, 0.0182
0.000966627, 0.0892063, 0.0183
0.000975549, 0.089261, 0.0184
0.000984475, 0.0893093, 0.0185
0.000993407, 0.0893513, 0.0186
0.00100234, 0.0893868, 0.0187
0.00101128, 0.0894159, 0.0188
0.00102022, 0.0894386, 0.0189
0.00102917, 0.0894549, 0.019
0.00103811, 0.0894648, 0.0191
0.00104706, 0.0894683, 0.0192
0.00105601, 0.0894654, 0.0193
0.00106495, 0.089456, 0.0194
0.0010739, 0.0894403, 0.0195
0.00108284, 0.0894182, 0.0196
0.00109178, 0.0893897, 0.0197
0.00110072, 0.0893547, 0.0198
0.00110965, 0.0893134, 0.0199
0.00111859, 0.0892657, 0.02
0.00112751, 0.0892116, 0.0201
0.00113643, 0.0891511, 0.0202
0.00114534, 0.0890843, 0.0203
0.00115425, 0.0890111, 0.0204
0.00116315, 0.0889315, 0.0205
0.00117204, 0.0888455, 0.0206
0.00118093, 0.0887532, 0.0207
0.0011898, 0.0886545, 0.0208
0.00119866, 0.0885495, 0.0209
0.00120752, 0.0884382, 0.021
0.00121636, 0.0883205, 0.0211
0.00122519, 0.0881966, 0.0212
0.001234, 0.0880663, 0.0213
0.00124281, 0.0879297, 0.0214
0.0012516, 0.0877868, 0.0215
0.00126037, 0.0876376, 0.0216
0.00126914, 0.0874822, 0.0217
0.00127788, 0.0873205, 0.0218
0.00128661, 0.0871525, 0.0219
0.00129532, 0.0869783, 0.022
0.00130402, 0.0867979, 0.0221
0.00131269, 0.0866113, 0.0222
0.00132135, 0.0864185, 0.0223
0.00132999, 0.0862194, 0.0224
0.00133861, 0.0860142, 0.0225
0.00134721, 0.0858029, 0.0226
0.00135578, 0.0855854, 0.0227
0.00136434, 0.0853617, 0.0228
0.00137287, 0.085132, 0.0229
0.00138138, 0.0848961, 0.023
0.00138986, 0.0846542, 0.0231
0.00139832, 0.0844062, 0.0232
0.00140676, 0.0841521, 0.0233
0.00141517, 0.083892, 0.0234
0.00142356, 0.0836258, 0.0235
0.00143191, 0.0833537, 0.0236
0.00144024, 0.0830756, 0.0237
0.00144855, 0.0827915, 0.0238
0.00145682, 0.0825015, 0.0239
0.00146507, 0.0822055, 0.024
0.00147328, 0.0819037, 0.0241
0.00148147, 0.0815959, 0.0242
0.00148962, 0.0812823, 0.0243
0.00149774, 0.0809628, 0.0244
0.00150583, 0.0806375, 0.0245
0.00151389, 0.0803064, 0.0246
0.00152192, 0.0799696, 0.0247
0.00152991, 0.0796269, 0.0248
0.00153787, 0.0792785, 0.0249
0.00154579, 0.0789244, 0.025
0.00155367, 0.0785647, 0.0251
0.00156152, 0.0781992, 0.0252
0.00156934, 0.0778281, 0.0253
0.00157711, 0.0774514, 0.0254
0.00158485, 0.0770691, 0.0255
0.00159255, 0.0766812, 0.0256
0.00160021, 0.0762878, 0.0257
0.00160784, 0.0758888, 0.0258
0.00161542, 0.0754844, 0.0259
0.00162296, 0.0750745, 0.026
0.00163046, 0.0746591, 0.0261
0.00163792, 0.0742384, 0.0262
0.00164534, 0.0738123, 0.0263
0.00165271, 0.0733808, 0.0264
0.00166004, 0.0729439, 0.0265
0.00166733, 0.0725018, 0.0266
0.00167457, 0.0720544, 0.0267
0.00168177, 0.0716018, 0.0268
0.00168892, 0.071144, 0.0269
0.00169603, 0.0706809, 0.027
0.00170309, 0.0702128, 0.0271
0.0017101, 0.0697395, 0.0272
0.00171706, 0.0692611, 0.0273
0.00172398, 0.0687776, 0.0274
0.00173085, 0.0682892, 0.0275
0.00173767, 0.0677957, 0.0276
0.00174444, 0.0672973, 0.0277
0.00175116, 0.0667939, 0.0278
0.00175784, 0.0662856, 0.0279
0.00176446, 0.0657725, 0.028
0.00177102, 0.0652546, 0.0281
0.00177754, 0.0647318, 0.0282
0.001784, 0.0642043, 0.0283
0.00179042, 0.0636721, 0.0284
0.00179677, 0.0631351, 0.0285
0.00180308, 0.0625935, 0.0286
0.00180933, 0.0620473, 0.0287
0.00181552, 0.0614965, 0.0288
0.00182166, 0.0609412, 0.0289
0.00182775, 0.0603813, 0.029
0.00183378, 0.0598169, 0.0291
0.00183975, 0.0592481, 0.0292
0.00184566, 0.0586749, 0.0293
0.00185152, 0.0580974, 0.0294
0.00185732, 0.0575155, 0.0295
0.00186306, 0.0569293, 0.0296
0.00186875, 0.0563388, 0.0297
0.00187437, 0.0557442, 0.0298
0.00187994, 0.0551453, 0.0299
0.00188544, 0.0545423, 0.03
0.00189088, 0.0539353, 0.0301
0.00189627, 0.0533241, 0.0302
0.00190159, 0.052709, 0.0303
0.00190685, 0.0520898, 0.0304
0.00191205, 0.0514667, 0.0305
0.00191718, 0.0508397, 0.0306
0.00192226, 0.0502089, 0.0307
0.00192727, 0.0495742, 0.0308
0.00193221, 0.0489358, 0.0309
0.0019371, 0.0482936, 0.031
0.00194192, 0.0476478, 0.0311
0.00194667, 0.0469983, 0.0312
0.00195136, 0.0463451, 0.0313
0.00195598, 0.0456884, 0.0314
0.00196054, 0.0450282, 0.0315
0.00196503, 0.0443645, 0.0316
0.00196946, 0.0436974, 0.0317
0.00197381, 0.0430269, 0.0318
0.00197811, 0.042353, 0.0319
0.00198233, 0.0416758, 0.032
0.00198649, 0.0409953, 0.0321
0.00199057, 0.0403116, 0.0322
0.00199459, 0.0396248, 0.0323
0.00199854, 0.0389348, 0.0324
0.00200243, 0.0382417, 0.0325
0.00200624, 0.0375456, 0.0326
0.00200998, 0.0368465, 0.0327
0.00201365, 0.0361445, 0.0328
0.00201726, 0.0354395, 0.0329
0.00202079, 0.0347317, 0.033
0.00202425, 0.034021, 0.0331
0.00202764, 0.0333076, 0.0332
0.00203096, 0.0325915, 0.0333
0.00203421, 0.0318727, 0.0334
0.00203738, 0.0311513, 0.0335
0.00204048, 0.0304273, 0.0336
0.00204351, 0.0297007, 0.0337
0.00204647, 0.0289717, 0.0338
0.00204936, 0.0282402, 0.0339
0.00205217, 0.0275064, 0.034
0.00205491, 0.0267702, 0.0341
0.00205757, 0.0260317, 0.0342
0.00206016, 0.0252909, 0.0343
0.00206268, 0.0245479, 0.0344
0.00206512, 0.0238028, 0.0345
0.00206749, 0.0230556, 0.0346
0.00206978, 0.0223063, 0.0347
0.002072, 0.0215551, 0.0348
0.00207414, 0.0208018, 0.0349
0.00207621, 0.0200467, 0.035
0.0020782, 0.0192896, 0.0351
0.00208012, 0.0185308, 0.0352
0.00208196, 0.0177702, 0.0353
0.00208372, 0.0170079, 0.0354
0.00208541, 0.0162439, 0.0355
0.00208702, 0.0154784, 0.0356
0.00208856, 0.0147112, 0.0357
0.00209002, 0.0139425, 0.0358
0.0020914, 0.0131724, 0.0359
0.0020927, 0.0124008, 0.036
0.00209393, 0.0116279, 0.0361
0.00209508, 0.0108537, 0.0362
0.00209615, 0.0100782, 0.0363
0.00209715, 0.00930147, 0.0364
0.00209806, 0.00852358, 0.0365
0.0020989, 0.00774458, 0.0366
0.00209966, 0.00696452, 0.0367
0.00210035, 0.00618344, 0.0368
0.00210095, 0.00540139, 0.0369
0.00210148, 0.00461843, 0.037
0.00210193, 0.00383461, 0.0371
0.0021023, 0.00304997, 0.0372
0.00210259, 0.00226458, 0.0373
0.0021028, 0.00147847, 0.0374
0.00210294, 0.000691706, 0.0375
0.00210299, -9.56689e-05, 0.0376
0.00210297, -0.000883602, 0.0377
0.00210287, -0.00167204, 0.0378
0.00210269, -0.00246094, 0.0379
0.00210243, -0.00325024, 0.038
0.00210209, -0.00403989, 0.0381
0.00210167, -0.00482985, 0.0382
0.00210118, -0.00562006, 0.0383
0.0021006, -0.00641046, 0.0384
0.00209995, -0.00720102, 0.0385
0.00209922, -0.00799168, 0.0386
0.0020984, -0.00878238, 0.0387
0.00209751, -0.00957308, 0.0388
0.00209654, -0.0103637, 0.0389
0.00209549, -0.0111543, 0.039
0.00209436, -0.0119446, 0.0391
0.00209315, -0.0127348, 0.0392
0.00209187, -0.0135247, 0.0393
0.0020905, -0.0143143, 0.0394
0.00208906, -0.0151035, 0.0395
0.00208753, -0.0158924, 0.0396
0.00208593, -0.0166807, 0.0397
0.00208425, -0.0174686, 0.0398
0.00208249, -0.0182558, 0.0399
0.00208065, -0.0190425, 0.04
0.00207873, -0.0198285, 0.0401
0.00207674, -0.0206138, 0.0402
0.00207466, -0.0213983, 0.0403
0.00207251, -0.0221819, 0.0404
0.00207028, -0.0229647, 0.0405
0.00206797, -0.0237466, 0.0406
0.00206558, -0.0245275, 0.0407
0.00206312, -0.0253074, 0.0408
0.00206057, -0.0260863, 0.0409
0.00205795, -0.026864, 0.041
0.00205525, -0.0276405, 0.0411
0.00205248, -0.0284158, 0.0412
0.00204962, -0.0291898, 0.0413
0.00204669, -0.0299625, 0.0414
0.00204368, -0.0307338, 0.0415
0.00204059, -0.0315037, 0.0416
0.00203743, -0.0322721, 0.0417
0.00203419, -0.033039, 0.0418
0.00203087, -0.0338043, 0.0419
0.00202748, -0.034568, 0.042
0.00202401, -0.0353301, 0.0421
0.00202047, -0.0360904, 0.0422
0.00201684, -0.0368489, 0.0423
0.00201315, -0.0376056, 0.0424
0.00200937, -0.0383604, 0.0425
0.00200552, -0.0391134, 0.0426
0.0020016, -0.0398643, 0.0427
0.0019976, -0.0406133, 0.0428
0.00199353, -0.0413601, 0.0429
0.00198938, -0.0421049, 0.043
0.00198516, -0.0428475, 0.0431
0.00198086, -0.0435879, 0.0432
0.00197649, -0.044326, 0.0433
0.00197204, -0.0450619, 0.0434
0.00196753, -0.0457954, 0.0435
0.00196293, -0.0465264, 0.0436
0.00195827, -0.0472551, 0.0437
0.00195353, -0.0479812, 0.0438
0.00194872, -0.0487048, 0.0439
0.00194384, -0.0494258, 0.044
0.00193888, -0.0501442, 0.0441
0.00193386, -0.0508599, 0.0442
0.00192876, -0.0515729, 0.0443
0.00192359, -0.0522831, 0.0444
0.00191835, -0.0529904, 0.0445
0.00191304, -0.053695, 0.0446
0.00190766, -0.0543966, 0.0447
0.00190221, -0.0550952, 0.0448
0.00189669, -0.0557908, 0.0449
0.0018911, -0.0564834, 0.045
0.00188544, -0.0571729, 0.0451
0.00187971, -0.0578593, 0.0452
0.00187391, -0.0585425, 0.0453
0.00186804, -0.0592225, 0.0454
0.00186211, -0.0598991, 0.0455
0.00185611, -0.0605725, 0.0456
0.00185004, -0.0612425, 0.0457
0.00184391, -0.0619092, 0.0458
0.0018377, -0.0625724, 0.0459
0.00183144, -0.063232, 0.046
0.0018251, -0.0638882, 0.0461
0.0018187, -0.0645408, 0.0462
0.00181224, -0.0651898, 0.0463
0.00180571, -0.0658351, 0.0464
0.00179911, -0.0664767, 0.0465
0.00179246, -0.0671146, 0.0466
0.00178573, -0.0677487, 0.0467
0.00177895, -0.068379, 0.0468
0.0017721, -0.0690054, 0.0469
0.00176519, -0.069628, 0.047
0.00175822, -0.0702465, 0.0471
0.00175118, -0.0708611, 0.0472
0.00174409, -0.0714717, 0.0473
0.00173693, -0.0720782, 0.0474
0.00172971, -0.0726806, 0.0475
0.00172243, -0.0732789, 0.0476
0.00171509, -0.073873, 0.0477
0.0017077, -0.0744628, 0.0478
0.00170024, -0.0750485, 0.0479
0.00169273, -0.0756298, 0.048
0.00168515, -0.0762068, 0.0481
0.00167752, -0.0767794, 0.0482
0.00166984, -0.0773476, 0.0483
0.00166209, -0.0779113, 0.0484
0.00165429, -0.0784706, 0.0485
0.00164644, -0.0790254, 0.0486
0.00163852, -0.0795756, 0.0487
0.00163056, -0.0801212, 0.0488
0.00162254, -0.0806622, 0.0489
0.00161446, -0.0811985, 0.049
0.00160633, -0.0817302, 0.0491
0.00159815, -0.0822571, 0.0492
0.00158992, -0.0827793, 0.0493
0.00158163, -0.0832966, 0.0494
0.00157329, -0.0838091, 0.0495
0.0015649, -0.0843168, 0.0496
0.00155646, -0.0848196, 0.0497
0.00154797, -0.0853174, 0.0498
0.00153943, -0.0858103, 0.0499
0.00153084, -0.0862982, 0.05
0.00152221, -0.086781, 0.0501
0.00151352, -0.0872588, 0.0502
0.00150479, -0.0877315, 0.0503
0.00149601, -0.0881991, 0.0504
0.00148718, -0.0886616, 0.0505
0.00147831, -0.0891188, 0.0506
0.00146939, -0.0895709, 0.0507
0.00146042, -0.0900177, 0.0508
0.00145141, -0.0904592, 0.0509
0.00144236, -0.0908955, 0.051
0.00143326, -0.0913264, 0.0511
0.00142412, -0.091752, 0.0512
0.00141494, -0.0921722, 0.0513
0.00140572, -0.092587, 0.0514
0.00139645, -0.0929963, 0.0515
0.00138715, -0.0934002, 0.0516
0.0013778, -0.0937986, 0.0517
0.00136841, -0.0941915, 0.0518
0.00135899, -0.0945789, 0.0519
0.00134952, -0.0949606, 0.052
0.00134002, -0.0953368, 0.0521
0.00133048, -0.0957074, 0.0522
0.0013209, -0.0960723, 0.0523
0.00131129, -0.0964316, 0.0524
0.00130164, -0.0967852, 0.0525
0.00129196, -0.0971331, 0.0526
0.00128224, -0.0974753, 0.0527
0.00127249, -0.0978116, 0.0528
0.0012627, -0.0981423, 0.0529
0.00125288, -0.0984671, 0.053
0.00124303, -0.0987861, 0.0531
0.00123314, -0.0990993, 0.0532
0.00122323, -0.0994066, 0.0533
0.00121328, -0.099708, 0.0534
0.00120331, -0.100004, 0.0535
0.0011933, -0.100293, 0.0536
0.00118327, -0.100577, 0.0537
0.00117321, -0.100854, 0.0538
0.00116312, -0.101126, 0.0539
0.001153, -0.101392, 0.054
0.00114286, -0.101652, 0.0541
0.00113269, -0.101905, 0.0542
0.00112249, -0.102153, 0.0543
0.00111227, -0.102395, 0.0544
0.00110203, -0.10263, 0.0545
0.00109176, -0.10286, 0.0546
0.00108147, -0.103083, 0.0547
0.00107116, -0.1033, 0.0548
0.00106083, -0.103511, 0.0549
0.00105048, -0.103716, 0.055
0.0010401, -0.103915, 0.0551
0.00102971, -0.104107, 0.0552
0.00101929, -0.104294, 0.0553
0.00100886, -0.104474, 0.0554
0.00099841, -0.104648, 0.0555
0.000987942, -0.104815, 0.0556
0.000977458, -0.104977, 0.0557
0.000966958, -0.105132, 0.0558
0.000956443, -0.105281, 0.0559
0.000945912, -0.105424, 0.056
0.000935368, -0.10556, 0.0561
0.00092481, -0.10569, 0.0562
0.000914239, -0.105814, 0.0563
0.000903655, -0.105932, 0.0564
0.000893061, -0.106043, 0.0565
0.000882455, -0.106148, 0.0566
0.000871838, -0.106247, 0.0567
0.000861212, -0.106339, 0.0568
0.000850577, -0.106425, 0.0569
0.000839934, -0.106504, 0.057
0.000829282, -0.106577, 0.0571
0.000818623, -0.106644, 0.0572
0.000807958, -0.106705, 0.0573
0.000797287, -0.106759, 0.0574
0.00078661, -0.106807, 0.0575
0.000775929, -0.106848, 0.0576
0.000765244, -0.106883, 0.0577
0.000754555, -0.106912, 0.0578
0.000743864, -0.106934, 0.0579
0.00073317, -0.10695, 0.058
0.000722475, -0.106959, 0.0581
0.00071178, -0.106962, 0.0582
0.000701084, -0.106959, 0.0583
0.000690388, -0.106949, 0.0584
0.000679694, -0.106933, 0.0585
0.000669001, -0.106911, 0.0586
0.00065831, -0.106882, 0.0587
0.000647623, -0.106846, 0.0588
0.000636939, -0.106805, 0.0589
0.00062626, -0.106757, 0.059
0.000615585, -0.106702, 0.0591
0.000604916, -0.106642, 0.0592
0.000594253, -0.106575, 0.0593
0.000583597, -0.106501, 0.0594
0.000572948, -0.106421, 0.0595
0.000562308, -0.106335, 0.0596
0.000551676, -0.106242, 0.0597
0.000541054, -0.106143, 0.0598
0.000530441, -0.106038, 0.0599
0.00051984, -0.105927, 0.06
0.000509249, -0.105809, 0.0601
0.00049867, -0.105684, 0.0602
0.000488104, -0.105554, 0.0603
0.000477551, -0.105417, 0.0604
0.000467012, -0.105274, 0.0605
0.000456488, -0.105124, 0.0606
0.000445978, -0.104968, 0.0607
0.000435484, -0.104806, 0.0608
0.000425006, -0.104638, 0.0609
0.000414545, -0.104464, 0.061
0.000404102, -0.104283, 0.0611
0.000393677, -0.104096, 0.0612
0.000383271, -0.103903, 0.0613
0.000372884, -0.103703, 0.0614
0.000362518, -0.103498, 0.0615
0.000352172, -0.103286, 0.0616
0.000341847, -0.103068, 0.0617
0.000331544, -0.102844, 0.0618
0.000321264, -0.102613, 0.0619
0.000311006, -0.102377, 0.062
0.000300773, -0.102135, 0.0621
0.000290564, -0.101886, 0.0622
0.000280379, -0.101631, 0.0623
0.000270221, -0.10137, 0.0624
0.000260088, -0.101104, 0.0625
0.000249983, -0.100831, 0.0626
0.000239905, -0.100552, 0.0627
0.000229854, -0.100267, 0.0628
0.000219833, -0.0999764, 0.0629
0.00020984, -0.0996796, 0.063
0.000199877, -0.0993769, 0.0631
0.000189945, -0.0990682, 0.0632
0.000180043, -0.0987537, 0.0633
0.000170174, -0.0984332, 0.0634
0.000160336, -0.0981069, 0.0635
0.000150531, -0.0977748, 0.0636
0.000140759, -0.0974368, 0.0637
0.000131021, -0.097093, 0.0638
0.000121318, -0.0967435, 0.0639
0.00011165, -0.0963881, 0.064
0.000102017, -0.0960271, 0.0641
9.24208e-05, -0.0956603, 0.0642
8.28612e-05, -0.0952879, 0.0643
7.33388e-05, -0.0949097, 0.0644
6.38544e-05, -0.094526, 0.0645
5.44085e-05, -0.0941366, 0.0646
4.50016e-05, -0.0937416, 0.0647
3.56342e-05, -0.0933411, 0.0648
2.63071e-05, -0.092935, 0.0649
1.70206e-05, -0.0925233, 0.065
7.77538e-06, -0.0921062, 0.0651
-1.42804e-06, -0.0916836, 0.0652
-1.05891e-05, -0.0912556, 0.0653
-1.97073e-05, -0.0908222, 0.0654
-2.8782e-05, -0.0903834, 0.0655
-3.78128e-05, -0.0899392, 0.0656
-4.67991e-05, -0.0894897, 0.0657
-5.57403e-05, -0.0890348, 0.0658
-6.4636e-05, -0.0885748, 0.0659
-7.34855e-05, -0.0881094, 0.066
-8.22885e-05, -0.0876389, 0.0661
-9.10443e-05, -0.0871631, 0.0662
-9.97524e-05, -0.0866822, 0.0663
-0.000108412, -0.0861962, 0.0664
-0.000117024, -0.0857051, 0.0665
-0.000125586, -0.0852089, 0.0666
-0.000134098, -0.0847077, 0.0667
-0.00014256, -0.0842015, 0.0668
-0.000150972, -0.0836903, 0.0669
-0.000159332, -0.0831742, 0.067
-0.000167641, -0.0826532, 0.0671
-0.000175897, -0.0821273, 0.0672
-0.000184101, -0.0815966, 0.0673
-0.000192251, -0.0810611, 0.0674
-0.000200348, -0.0805207, 0.0675
-0.000208391, -0.0799757, 0.0676
-0.000216379, -0.079426, 0.0677
-0.000224313, -0.0788716, 0.0678
-0.00023219, -0.0783125, 0.0679
-0.000240012, -0.0777489, 0.068
-0.000247777, -0.0771807, 0.0681
-0.000255486, -0.076608, 0.0682
-0.000263137, -0.0760307, 0.0683
-0.00027073, -0.0754491, 0.0684
-0.000278265, -0.074863, 0.0685
-0.000285741, -0.0742725, 0.0686
-0.000293158, -0.0736777, 0.0687
-0.000300516, -0.0730786, 0.0688
-0.000307814, -0.0724753, 0.0689
-0.000315051, -0.0718677, 0.069
-0.000322227, -0.0712559, 0.0691
-0.000329343, -0.0706399, 0.0692
-0.000336396, -0.0700199, 0.0693
-0.000343388, -0.0693958, 0.0694
-0.000350317, -0.0687676, 0.0695
-0.000357183, -0.0681355, 0.0696
-0.000363985, -0.0674994, 0.0697
-0.000370725, -0.0668594, 0.0698
-0.0003774, -0.0662155, 0.0699
-0.00038401, -0.0655678, 0.07
-0.000390556, -0.0649163, 0.0701
-0.000397037, -0.064261, 0.0702
-0.000403452, -0.0636021, 0.0703
-0.000409801, -0.0629395, 0.0704
-0.000416083, -0.0622732, 0.0705
-0.000422299, -0.0616034, 0.0706
-0.000428448, -0.06093, 0.0707
-0.00043453, -0.0602532, 0.0708
-0.000440544, -0.0595729, 0.0709
-0.00044649, -0.0588891, 0.071
-0.000452367, -0.058202, 0.0711
-0.000458176, -0.0575116, 0.0712
-0.000463915, -0.0568179, 0.0713
-0.000469585, -0.056121, 0.0714
-0.000475185, -0.0554209, 0.0715
-0.000480716, -0.0547176, 0.0716
-0.000486176, -0.0540113, 0.0717
-0.000491565, -0.0533019, 0.0718
-0.000496883, -0.0525894, 0.0719
-0.00050213, -0.051874, 0.072
-0.000507305, -0.0511557, 0.0721
-0.000512409, -0.0504345, 0.0722
-0.00051744, -0.0497105, 0.0723
-0.000522399, -0.0489837, 0.0724
-0.000527285, -0.0482541, 0.0725
-0.000532098, -0.0475219, 0.0726
-0.000536838, -0.046787, 0.0727
-0.000541504, -0.0460495, 0.0728
-0.000546096, -0.0453094, 0.0729
-0.000550615, -0.0445669, 0.073
-0.000555059, -0.0438219, 0.0731
-0.000559429, -0.0430745, 0.0732
-0.000563724, -0.0423247, 0.0733
-0.000567943, -0.0415726, 0.0734
-0.000572088, -0.0408183, 0.0735
-0.000576157, -0.0400617, 0.0736
-0.000580151, -0.0393029, 0.0737
-0.000584068, -0.0385421, 0.0738
-0.000587909, -0.0377791, 0.0739
-0.000591675, -0.0370141, 0.074
-0.000595363, -0.0362472, 0.0741
-0.000598975, -0.0354783, 0.0742
-0.00060251, -0.0347075, 0.0743
-0.000605968, -0.0339349, 0.0744
-0.000609348, -0.0331605, 0.0745
-0.000612651, -0.0323844, 0.0746
-0.000615876, -0.0316066, 0.0747
-0.000619024, -0.0308272, 0.0748
-0.000622094, -0.0300462, 0.0749
-0.000625085, -0.0292636, 0.075
-0.000627998, -0.0284796, 0.0751
-0.000630833, -0.0276941, 0.0752
-0.000633589, -0.0269072, 0.0753
-0.000636267, -0.026119, 0.0754
-0.000638866, -0.0253295, 0.0755
-0.000641385, -0.0245388, 0.0756
-0.000643826, -0.0237469, 0.0757
-0.000646187, -0.0229539, 0.0758
-0.000648469, -0.0221597, 0.0759
-0.000650672, -0.0213645, 0.076
-0.000652795, -0.0205684, 0.0761
-0.000654839, -0.0197713, 0.0762
-0.000656802, -0.0189733, 0.0763
-0.000658686, -0.0181745, 0.0764
-0.00066049, -0.0173749, 0.0765
-0.000662214, -0.0165746, 0.0766
-0.000663859, -0.0157736, 0.0767
-0.000665422, -0.014972, 0.0768
-0.000666906, -0.0141698, 0.0769
-0.00066831, -0.0133671, 0.077
-0.000669633, -0.0125639, 0.0771
-0.000670876, -0.0117602, 0.0772
-0.000672039, -0.0109562, 0.0773
-0.000673121, -0.0101519, 0.0774
-0.000674122, -0.00934727, 0.0775
-0.000675044, -0.00854244, 0.0776
-0.000675884, -0.00773744, 0.0777
-0.000676645, -0.00693232, 0.0778
-0.000677324, -0.00612714, 0.0779
-0.000677924, -0.00532193, 0.078
-0.000678442, -0.00451677, 0.0781
-0.000678881, -0.00371168, 0.0782
-0.000679238, -0.00290674, 0.0783
-0.000679516, -0.00210198, 0.0784
-0.000679712, -0.00129746, 0.0785
-0.000679829, -0.000493233, 0.0786
-0.000679865, 0.000310654, 0.0787
-0.00067982, 0.00111415, 0.0788
-0.000679695, 0.0019172, 0.0789
-0.00067949, 0.00271976, 0.079
-0.000679205, 0.00352177, 0.0791
-0.000678839, 0.00432319, 0.0792
-0.000678393, 0.00512396, 0.0793
-0.000677868, 0.00592403, 0.0794
-0.000677262, 0.00672335, 0.0795
-0.000676576, 0.00752187, 0.0796
-0.000675811, 0.00831955, 0.0797
-0.000674966, 0.00911632, 0.0798
-0.000674041, 0.00991214, 0.0799
-0.000673036, 0.010707, 0.08
-0.000671952, 0.0115007, 0.0801
-0.000670789, 0.0122934, 0.0802
-0.000669546, 0.0130849, 0.0803
-0.000668225, 0.0138752, 0.0804
-0.000666824, 0.0146642, 0.0805
-0.000665344, 0.015452, 0.0806
-0.000663786, 0.0162384, 0.0807
-0.000662149, 0.0170234, 0.0808
-0.000660434, 0.0178069, 0.0809
-0.00065864, 0.0185889, 0.081
-0.000656768, 0.0193694, 0.0811
-0.000654818, 0.0201483, 0.0812
-0.00065279, 0.0209255, 0.0813
-0.000650685, 0.021701, 0.0814
-0.000648502, 0.0224748, 0.0815
-0.000646242, 0.0232468, 0.0816
-0.000643904, 0.0240169, 0.0817
-0.00064149, 0.0247851, 0.0818
-0.000638998, 0.0255514, 0.0819
-0.00063643, 0.0263156, 0.082
-0.000633786, 0.0270779, 0.0821
-0.000631066, 0.027838, 0.0822
-0.000628269, 0.028596, 0.0823
-0.000625397, 0.0293518, 0.0824
-0.000622449, 0.0301054, 0.0825
-0.000619426, 0.0308567, 0.0826
-0.000616328, 0.0316056, 0.0827
-0.000613155, 0.0323522, 0.0828
-0.000609908, 0.0330964, 0.0829
-0.000606586, 0.033838, 0.083
-0.00060319, 0.0345772, 0.0831
-0.00059972, 0.0353138, 0.0832
-0.000596176, 0.0360477, 0.0833
-0.000592559, 0.036779, 0.0834
-0.000588869, 0.0375076, 0.0835
-0.000585106, 0.0382335, 0.0836
-0.000581271, 0.0389565, 0.0837
-0.000577363, 0.0396767, 0.0838
-0.000573384, 0.040394, 0.0839
-0.000569332, 0.0411083, 0.084
-0.00056521, 0.0418197, 0.0841
-0.000561016, 0.0425281, 0.0842
-0.000556751, 0.0432333, 0.0843
-0.000552416, 0.0439355, 0.0844
-0.000548011, 0.0446345, 0.0845
-0.000543536, 0.0453303, 0.0846
-0.000538992, 0.0460228, 0.0847
-0.000534378, 0.046712, 0.0848
-0.000529695, 0.0473979, 0.0849
-0.000524944, 0.0480804, 0.085
-0.000520125, 0.0487595, 0.0851
-0.000515238, 0.0494351, 0.0852
-0.000510283, 0.0501072, 0.0853
-0.000505261, 0.0507758, 0.0854
-0.000500173, 0.0514407, 0.0855
-0.000495018, 0.052102, 0.0856
-0.000489797, 0.0527597, 0.0857
-0.00048451, 0.0534136, 0.0858
-0.000479158, 0.0540637, 0.0859
-0.000473741, 0.05471, 0.086
-0.000468259, 0.0553525, 0.0861
-0.000462713, 0.0559911, 0.0862
-0.000457103, 0.0566258, 0.0863
-0.00045143, 0.0572565, 0.0864
-0.000445694, 0.0578832, 0.0865
-0.000439896, 0.0585058, 0.0866
-0.000434035, 0.0591244, 0.0867
-0.000428112, 0.0597388, 0.0868
-0.000422128, 0.0603491, 0.0869
-0.000416083, 0.0609551, 0.087
-0.000409978, 0.0615569, 0.0871
-0.000403812, 0.0621545, 0.0872
-0.000397587, 0.0627477, 0.0873
-0.000391303, 0.0633365, 0.0874
-0.000384959, 0.063921, 0.0875
-0.000378558, 0.064501, 0.0876
-0.000372098, 0.0650766, 0.0877
-0.000365581, 0.0656476, 0.0878
-0.000359007, 0.0662141, 0.0879
-0.000352376, 0.0667761, 0.088
-0.000345689, 0.0673334, 0.0881
-0.000338947, 0.0678861, 0.0882
-0.000332149, 0.0684341, 0.0883
-0.000325297, 0.0689774, 0.0884
-0.00031839, 0.0695159, 0.0885
-0.00031143, 0.0700496, 0.0886
-0.000304416, 0.0705785, 0.0887
-0.00029735, 0.0711026, 0.0888
-0.000290231, 0.0716218, 0.0889
-0.00028306, 0.072136, 0.089
-0.000275838, 0.0726453, 0.0891
-0.000268565, 0.0731497, 0.0892
-0.000261242, 0.073649, 0.0893
-0.000253869, 0.0741432, 0.0894
-0.000246447, 0.0746324, 0.0895
-0.000238975, 0.0751165, 0.0896
-0.000231456, 0.0755954, 0.0897
-0.000223889, 0.0760691, 0.0898
-0.000216274, 0.0765377, 0.0899
-0.000208613, 0.077001, 0.09
-0.000200905, 0.0774591, 0.0901
-0.000193152, 0.0779118, 0.0902
-0.000185353, 0.0783593, 0.0903
-0.00017751, 0.0788014, 0.0904
-0.000169623, 0.0792381, 0.0905
-0.000161692, 0.0796695, 0.0906
-0.000153718, 0.0800954, 0.0907
-0.000145701, 0.0805158, 0.0908
-0.000137643, 0.0809308, 0.0909
-0.000129543, 0.0813403, 0.091
-0.000121403, 0.0817442, 0.0911
-0.000113222, 0.0821425, 0.0912
-0.000105001, 0.0825353, 0.0913
-9.67411e-05, 0.0829225, 0.0914
-8.84426e-05, 0.083304, 0.0915
-8.0106e-05, 0.0836799, 0.0916
-7.1732e-05, 0.0840501, 0.0917
-6.3321e-05, 0.0844146, 0.0918
-5.48737e-05, 0.0847733, 0.0919
-4.63906e-05, 0.0851263, 0.092
-3.78723e-05, 0.0854736, 0.0921
-2.93194e-05, 0.085815, 0.0922
-2.07325e-05, 0.0861506, 0.0923
-1.2112e-05, 0.0864804, 0.0924
-3.45872e-06, 0.0868043, 0.0925
5.22688e-06, 0.0871224, 0.0926
1.39442e-05, 0.0874345, 0.0927
2.26926e-05, 0.0877407, 0.0928
3.14716e-05, 0.088041, 0.0929
4.02804e-05, 0.0883353, 0.093
4.91186e-05, 0.0886237, 0.0931
5.79856e-05, 0.0889061, 0.0932
6.68807e-05, 0.0891824, 0.0933
7.58033e-05, 0.0894527, 0.0934
8.47528e-05, 0.089717, 0.0935
9.37287e-05, 0.0899752, 0.0936
0.00010273, 0.0902273, 0.0937
0.000111757, 0.0904734, 0.0938
0.000120808, 0.0907133, 0.0939
0.000129883, 0.0909471, 0.094
0.000138982, 0.0911748, 0.0941
0.000148103, 0.0913963, 0.0942
0.000157246, 0.0916116, 0.0943
0.00016641, 0.0918208, 0.0944
0.000175596, 0.0920238, 0.0945
0.000184801, 0.0922205, 0.0946
0.000194026, 0.0924111, 0.0947
0.00020327, 0.0925954, 0.0948
0.000212532, 0.0927734, 0.0949
0.000221813, 0.0929452, 0.095
0.00023111, 0.0931108, 0.0951
0.000240423, 0.0932701, 0.0952
0.000249753, 0.0934231, 0.0953
0.000259097, 0.0935698, 0.0954
0.000268456, 0.0937101, 0.0955
0.00027783, 0.0938442, 0.0956
0.000287216, 0.093972, 0.0957
0.000296615, 0.0940934, 0.0958
0.000306026, 0.0942085, 0.0959
0.000315449, 0.0943173, 0.096
0.000324882, 0.0944197, 0.0961
0.000334325, 0.0945157, 0.0962
0.000343778, 0.0946054, 0.0963
0.00035324, 0.0946888, 0.0964
0.00036271, 0.0947657, 0.0965
0.000372188, 0.0948363, 0.0966
0.000381672, 0.0949005, 0.0967
0.000391163, 0.0949583, 0.0968
0.00040066, 0.0950097, 0.0969
0.000410161, 0.0950548, 0.097
0.000419667, 0.0950934, 0.0971
0.000429177, 0.0951256, 0.0972
0.00043869, 0.0951515, 0.0973
0.000448205, 0.095171, 0.0974
0.000457722, 0.095184, 0.0975
0.00046724, 0.0951907, 0.0976
0.000476759, 0.0951909, 0.0977
0.000486278, 0.0951848, 0.0978
0.000495796, 0.0951722, 0.0979
0.000505313, 0.0951533, 0.098
0.000514828, 0.0951279, 0.0981
0.00052434, 0.0950962, 0.0982
0.000533849, 0.0950581, 0.0983
0.000543354, 0.0950136, 0.0984
0.000552854, 0.0949627, 0.0985
0.000562349, 0.0949054, 0.0986
0.000571838, 0.0948417, 0.0987
0.000581321, 0.0947717, 0.0988
0.000590797, 0.0946953, 0.0989
0.000600265, 0.0946125, 0.099
0.000609725, 0.0945234, 0.0991
0.000619175, 0.0944279, 0.0992
0.000628616, 0.0943261, 0.0993
0.000638047, 0.0942179, 0.0994
0.000647466, 0.0941034, 0.0995
0.000656875, 0.0939826, 0.0996
0.000666271, 0.0938555, 0.0997
0.000675654, 0.093722, 0.0998
0.000685023, 0.0935823, 0.0999
0.000694379, 0.0934363, 0.1
0.00070372, 0.0932839, 0.1001
0.000713046, 0.0931254, 0.1002
0.000722355, 0.0929605, 0.1003
0.000731648, 0.0927894, 0.1004
0.000740924, 0.0926121, 0.1005
0.000750182, 0.0924285, 0.1006
0.000759422, 0.0922388, 0.1007
0.000768642, 0.0920428, 0.1008
0.000777843, 0.0918406, 0.1009
0.000787023, 0.0916323, 0.101
0.000796183, 0.0914178, 0.1011
0.000805321, 0.0911972, 0.1012
0.000814436, 0.0909704, 0.1013
0.000823529, 0.0907375, 0.1014
0.000832599, 0.0904985, 0.1015
0.000841645, 0.0902534, 0.1016
0.000850666, 0.0900022, 0.1017
0.000859661, 0.089745, 0.1018
0.000868631, 0.0894818, 0.1019
0.000877575, 0.0892125, 0.102
0.000886491, 0.0889372, 0.1021
0.00089538, 0.088656, 0.1022
0.000904241, 0.0883687, 0.1023
0.000913073, 0.0880756, 0.1024
0.000921875, 0.0877764, 0.1025
0.000930647, 0.0874714, 0.1026
0.000939389, 0.0871605, 0.1027
0.0009481, 0.0868437, 0.1028
0.000956779, 0.0865211, 0.1029
0.000965425, 0.0861926, 0.103
0.000974039, 0.0858584, 0.1031
0.000982619, 0.0855183, 0.1032
0.000991165, 0.0851725, 0.1033
0.000999676, 0.084821, 0.1034
0.00100815, 0.0844637, 0.1035
0.00101659, 0.0841007, 0.1036
0.001025, 0.0837321, 0.1037
0.00103336, 0.0833578, 0.1038
0.00104169, 0.0829779, 0.1039
0.00104998, 0.0825923, 0.104
0.00105824, 0.0822012, 0.1041
0.00106645, 0.0818046, 0.1042
0.00107462, 0.0814024, 0.1043
0.00108276, 0.0809948, 0.1044
0.00109085, 0.0805817, 0.1045
0.0010989, 0.0801631, 0.1046
0.00110691, 0.0797391, 0.1047
0.00111487, 0.0793097, 0.1048
0.0011228, 0.078875, 0.1049
0.00113068, 0.0784349, 0.105
0.00113851, 0.0779895, 0.1051
0.00114631, 0.0775389, 0.1052
0.00115405, 0.077083, 0.1053
0.00116175, 0.0766218, 0.1054
0.00116941, 0.0761555, 0.1055
0.00117701, 0.075684, 0.1056
0.00118457, 0.0752075, 0.1057
0.00119209, 0.0747258, 0.1058
0.00119955, 0.074239, 0.1059
0.00120697, 0.0737472, 0.106
0.00121433, 0.0732504, 0.1061
0.00122165, 0.0727486, 0.1062
0.00122892, 0.0722419, 0.1063
0.00123613, 0.0717303, 0.1064
0.0012433, 0.0712139, 0.1065
0.00125041, 0.0706925, 0.1066
0.00125747, 0.0701664, 0.1067
0.00126448, 0.0696355, 0.1068
0.00127143, 0.0690999, 0.1069
0.00127833, 0.0685595, 0.107
0.00128518, 0.0680145, 0.1071
0.00129197, 0.0674649, 0.1072
0.00129871, 0.0669107, 0.1073
0.00130539, 0.0663519, 0.1074
0.00131201, 0.0657886, 0.1075
0.00131858, 0.0652208, 0.1076
0.0013251, 0.0646485, 0.1077
0.00133155, 0.0640718, 0.1078
0.00133795, 0.0634908, 0.1079
0.00134429, 0.0629054, 0.108
0.00135057, 0.0623157, 0.1081
0.00135679, 0.0617217, 0.1082
0.00136295, 0.0611235, 0.1083
0.00136905, 0.0605211, 0.1084
0.0013751, 0.0599146, 0.1085
0.00138108, 0.059304, 0.1086
0.001387, 0.0586893, 0.1087
0.00139286, 0.0580705, 0.1088
0.00139865, 0.0574478, 0.1089
0.00140439, 0.0568211, 0.109
0.00141006, 0.0561905, 0.1091
0.00141567, 0.0555561, 0.1092
0.00142121, 0.0549178, 0.1093
0.00142669, 0.0542757, 0.1094
0.00143211, 0.0536299, 0.1095
0.00143746, 0.0529804, 0.1096
0.00144275, 0.0523272, 0.1097
0.00144797, 0.0516704, 0.1098
0.00145313, 0.05101, 0.1099
0.00145822, 0.050346, 0.11
0.00146324, 0.0496786, 0.1101
0.0014682, 0.0490078, 0.1102
0.00147308, 0.0483335, 0.1103
0.00147791, 0.0476558, 0.1104
0.00148266, 0.0469749, 0.1105
0.00148735, 0.0462906, 0.1106
0.00149196, 0.0456032, 0.1107
0.00149651, 0.0449125, 0.1108
0.00150099, 0.0442187, 0.1109
0.0015054, 0.0435218, 0.111
0.00150974, 0.0428218, 0.1111
0.00151401, 0.0421189, 0.1112
0.00151821, 0.0414129, 0.1113
0.00152234, 0.0407041, 0.1114
0.0015264, 0.0399924, 0.1115
0.00153039, 0.0392778, 0.1116
0.0015343, 0.0385605, 0.1117
0.00153815, 0.0378404, 0.1118
0.00154192, 0.0371177, 0.1119
0.00154562, 0.0363923, 0.112
0.00154925, 0.0356643, 0.1121
0.0015528, 0.0349338, 0.1122
0.00155628, 0.0342007, 0.1123
0.00155969, 0.0334652, 0.1124
0.00156302, 0.0327273, 0.1125
0.00156628, 0.0319871, 0.1126
0.00156947, 0.0312445, 0.1127
0.00157258, 0.0304997, 0.1128
0.00157562, 0.0297526, 0.1129
0.00157858, 0.0290034, 0.113
0.00158147, 0.0282521, 0.1131
0.00158428, 0.0274987, 0.1132
0.00158702, 0.0267432, 0.1133
0.00158968, 0.0259858, 0.1134
0.00159227, 0.0252265, 0.1135
0.00159478, 0.0244653, 0.1136
0.00159721, 0.0237023, 0.1137
0.00159957, 0.0229374, 0.1138
0.00160185, 0.0221709, 0.1139
0.00160405, 0.0214027, 0.114
0.00160618, 0.0206328, 0.1141
0.00160823, 0.0198614, 0.1142
0.0016102, 0.0190884, 0.1143
0.0016121, 0.018314, 0.1144
0.00161392, 0.0175381, 0.1145
0.00161566, 0.0167609, 0.1146
0.00161732, 0.0159823, 0.1147
0.00161891, 0.0152024, 0.1148
0.00162041, 0.0144213, 0.1149
0.00162184, 0.013639, 0.115
0.00162319, 0.0128556, 0.1151
0.00162447, 0.0120711, 0.1152
0.00162566, 0.0112856, 0.1153
0.00162678, 0.0104991, 0.1154
0.00162781, 0.00971164, 0.1155
0.00162877, 0.00892332, 0.1156
0.00162965, 0.00813418, 0.1157
0.00163045, 0.00734427, 0.1158
0.00163117, 0.00655363, 0.1159
0.00163181, 0.00576231, 0.116
0.00163238, 0.00497037, 0.1161
0.00163286, 0.00417785, 0.1162
0.00163326, 0.00338481, 0.1163
0.00163359, 0.0025913, 0.1164
0.00163384, 0.00179737, 0.1165
0.001634, 0.00100308, 0.1166
0.00163409, 0.00020846, 0.1167
0.0016341, -0.000586424, 0.1168
0.00163402, -0.00138152, 0.1169
0.00163387, -0.00217679, 0.117
0.00163364, -0.00297216, 0.1171
0.00163333, -0.0037676, 0.1172
0.00163294, -0.00456306, 0.1173
0.00163247, -0.00535847, 0.1174
0.00163192, -0.00615379, 0.1175
0.00163129, -0.00694896, 0.1176
0.00163059, -0.00774395, 0.1177
0.0016298, -0.00853869, 0.1178
0.00162893, -0.00933313, 0.1179
0.00162798, -0.0101272, 0.118
0.00162696, -0.0109209, 0.1181
0.00162585, -0.0117142, 0.1182
0.00162467, -0.0125069, 0.1183
0.0016234, -0.0132991, 0.1184
0.00162206, -0.0140907, 0.1185
0.00162064, -0.0148817, 0.1186
0.00161914, -0.0156719, 0.1187
0.00161756, -0.0164614, 0.1188
0.0016159, -0.0172501, 0.1189
0.00161416, -0.0180379, 0.119
0.00161234, -0.0188248, 0.1191
0.00161045, -0.0196108, 0.1192
0.00160847, -0.0203958, 0.1193
0.00160642, -0.0211797, 0.1194
0.00160429, -0.0219624, 0.1195
0.00160208, -0.0227441, 0.1196
0.00159979, -0.0235245, 0.1197
0.00159743, -0.0243036, 0.1198
0.00159498, -0.0250815, 0.1199
0.00159246, -0.025858, 0.12
0.00158986, -0.0266331, 0.1201
0.00158719, -0.0274067, 0.1202
0.00158443, -0.0281788, 0.1203
0.0015816, -0.0289494, 0.1204
0.0015787, -0.0297183, 0.1205
0.00157571, -0.0304856, 0.1206
0.00157265, -0.0312512, 0.1207
0.00156951, -0.032015, 0.1208
0.0015663, -0.032777, 0.1209
0.00156301, -0.0335372, 0.121
0.00155964, -0.0342954, 0.1211
0.0015562, -0.0350517, 0.1212
0.00155268, -0.0358061, 0.1213
0.00154909, -0.0365583, 0.1214
0.00154542, -0.0373085, 0.1215
0.00154168, -0.0380565, 0.1216
0.00153786, -0.0388023, 0.1217
0.00153397, -0.0395459, 0.1218
0.00153, -0.0402872, 0.1219
0.00152596, -0.0410261, 0.122
0.00152184, -0.0417627, 0.1221
0.00151765, -0.0424968, 0.1222
0.00151339, -0.0432285, 0.1223
0.00150906, -0.0439576, 0.1224
0.00150465, -0.0446841, 0.1225
0.00150017, -0.0454081, 0.1226
0.00149562, -0.0461293, 0.1227
0.00149099, -0.0468479, 0.1228
0.00148629, -0.0475637, 0.1229
0.00148153, -0.0482767, 0.123
0.00147669, -0.0489868, 0.1231
0.00147178, -0.049694, 0.1232
0.0014668, -0.0503983, 0.1233
0.00146174, -0.0510996, 0.1234
0.00145662, -0.0517979, 0.1235
0.00145143, -0.0524931, 0.1236
0.00144617, -0.0531852, 0.1237
0.00144084, -0.0538741, 0.1238
0.00143544, -0.0545597, 0.1239
0.00142997, -0.0552422, 0.124
0.00142444, -0.0559213, 0.1241
0.00141884, -0.0565971, 0.1242
0.00141316, -0.0572695, 0.1243
0.00140743, -0.0579385, 0.1244
0.00140162, -0.058604, 0.1245
0.00139575, -0.059266, 0.1246
0.00138981, -0.0599244, 0.1247
0.00138381, -0.0605792, 0.1248
0.00137774, -0.0612304, 0.1249
0.00137161, -0.0618779, 0.125
0.00136541, -0.0625217, 0.1251
0.00135915, -0.0631617, 0.1252
0.00135282, -0.0637978, 0.1253
0.00134643, -0.0644302, 0.1254
0.00133998, -0.0650586, 0.1255
0.00133346, -0.0656832, 0.1256
0.00132688, -0.0663037, 0.1257
0.00132024, -0.0669202, 0.1258
0.00131354, -0.0675327, 0.1259
0.00130677, -0.0681411, 0.126
0.00129995, -0.0687454, 0.1261
0.00129307, -0.0693455, 0.1262
0.00128612, -0.0699413, 0.1263
0.00127912, -0.070533, 0.1264
0.00127205, -0.0711203, 0.1265
0.00126493, -0.0717034, 0.1266
0.00125775, -0.072282, 0.1267
0.00125052, -0.0728563, 0.1268
0.00124322, -0.0734262, 0.1269
0.00123587, -0.0739915, 0.127
0.00122846, -0.0745524, 0.1271
0.001221, -0.0751087, 0.1272
0.00121348, -0.0756605, 0.1273
0.0012059, -0.0762076, 0.1274
0.00119827, -0.0767501, 0.1275
0.00119059, -0.0772879, 0.1276
0.00118285, -0.0778209, 0.1277
0.00117506, -0.0783493, 0.1278
0.00116721, -0.0788728, 0.1279
0.00115932, -0.0793915, 0.128
0.00115137, -0.0799054, 0.1281
0.00114337, -0.0804143, 0.1282
0.00113532, -0.0809184, 0.1283
0.00112722, -0.0814175, 0.1284
0.00111907, -0.0819116, 0.1285
0.00111087, -0.0824007, 0.1286
0.00110263, -0.0828847, 0.1287
0.00109433, -0.0833637, 0.1288
0.00108598, -0.0838375, 0.1289
0.00107759, -0.0843063, 0.129
0.00106916, -0.0847698, 0.1291
0.00106067, -0.0852281, 0.1292
0.00105214, -0.0856812, 0.1293
0.00104356, -0.0861291, 0.1294
0.00103494, -0.0865717, 0.1295
0.00102628, -0.0870089, 0.1296
0.00101757, -0.0874408, 0.1297
0.00100882, -0.0878673, 0.1298
0.00100003, -0.0882884, 0.1299
0.000991192, -0.0887041, 0.13
0.000982315, -0.0891144, 0.1301
0.000973397, -0.0895191, 0.1302
0.000964438, -0.0899184, 0.1303
0.00095544, -0.0903121, 0.1304
0.000946403, -0.0907002, 0.1305
0.000937326, -0.0910828, 0.1306
0.000928212, -0.0914598, 0.1307
0.00091906, -0.0918311, 0.1308
0.000909871, -0.0921968, 0.1309
0.000900645, -0.0925568, 0.131
0.000891384, -0.092911, 0.1311
0.000882087, -0.0932596, 0.1312
0.000872755, -0.0936024, 0.1313
0.00086339, -0.0939395, 0.1314
0.00085399, -0.0942707, 0.1315
0.000844558, -0.0945961, 0.1316
0.000835093, -0.0949157, 0.1317
0.000825597, -0.0952295, 0.1318
0.000816069, -0.0955373, 0.1319
0.00080651, -0.0958393, 0.132
0.000796921, -0.0961353, 0.1321
0.000787303, -0.0964254, 0.1322
0.000777656, -0.0967096, 0.1323
0.00076798, -0.0969878, 0.1324
0.000758277, -0.09726, 0.1325
0.000748547, -0.0975262, 0.1326
0.00073879, -0.0977863, 0.1327
0.000729007, -0.0980404, 0.1328
0.000719199, -0.0982885, 0.1329
0.000709367, -0.0985305, 0.133
0.00069951, -0.0987664, 0.1331
0.000689629, -0.0989962, 0.1332
0.000679726, -0.0992198, 0.1333
0.000669801, -0.0994374, 0.1334
0.000659854, -0.0996487, 0.1335
0.000649885, -0.099854, 0.1336
0.000639897, -0.100053, 0.1337
0.000629889, -0.100246, 0.1338
0.000619861, -0.100432, 0.1339
0.000609815, -0.100613, 0.134
0.000599751, -0.100787, 0.1341
0.000589669, -0.100955, 0.1342
0.000579571, -0.101117, 0.1343
0.000569457, -0.101272, 0.1344
0.000559328, -0.101421, 0.1345
0.000549183, -0.101564, 0.1346
0.000539025, -0.101701, 0.1347
0.000528853, -0.101831, 0.1348
0.000518668, -0.101955, 0.1349
0.00050847, -0.102073, 0.135
0.000498261, -0.102184, 0.1351
0.000488041, -0.10229, 0.1352
0.000477811, -0.102388, 0.1353
0.000467571, -0.102481, 0.1354
0.000457321, -0.102567, 0.1355
0.000447063, -0.102646, 0.1356
0.000436798, -0.10272, 0.1357
0.000426525, -0.102787, 0.1358
0.000416245, -0.102847, 0.1359
0.00040596, -0.102901, 0.136
0.000395669, -0.102949, 0.1361
0.000385374, -0.102991, 0.1362
0.000375074, -0.103026, 0.1363
0.000364771, -0.103054, 0.1364
0.000354465, -0.103077, 0.1365
0.000344158, -0.103093, 0.1366
0.000333848, -0.103102, 0.1367
0.000323538, -0.103105, 0.1368
0.000313228, -0.103102, 0.1369
0.000302918, -0.103092, 0.137
0.000292609, -0.103076, 0.1371
0.000282302, -0.103054, 0.1372
0.000271998, -0.103025, 0.1373
0.000261696, -0.10299, 0.1374
0.000251398, -0.102948, 0.1375
0.000241104, -0.1029, 0.1376
0.000230815, -0.102846, 0.1377
0.000220531, -0.102785, 0.1378
0.000210254, -0.102718, 0.1379
0.000199984, -0.102644, 0.138
0.000189721, -0.102565, 0.1381
0.000179466, -0.102478, 0.1382
0.00016922, -0.102386, 0.1383
0.000158983, -0.102287, 0.1384
0.000148756, -0.102182, 0.1385
0.00013854, -0.10207, 0.1386
0.000128335, -0.101952, 0.1387
0.000118142, -0.101828, 0.1388
0.000107962, -0.101697, 0.1389
9.77946e-05, -0.101561, 0.139
8.76411e-05, -0.101417, 0.1391
7.7502e-05, -0.101268, 0.1392
6.7378e-05, -0.101112, 0.1393
5.72696e-05, -0.10095, 0.1394
4.71776e-05, -0.100782, 0.1395
3.71024e-05, -0.100607, 0.1396
2.70449e-05, -0.100427, 0.1397
1.70055e-05, -0.10024, 0.1398
6.98492e-06, -0.100047, 0.1399
-3.01624e-06, -0.0998471, 0.14
-1.29974e-05, -0.0996416, 0.1401
-2.29578e-05, -0.0994298, 0.1402
-3.2897e-05, -0.0992119, 0.1403
-4.28143e-05, -0.0989878, 0.1404
-5.27091e-05, -0.0987576, 0.1405
-6.25807e-05, -0.0985213, 0.1406
-7.24286e-05, -0.0982789, 0.1407
-8.22522e-05, -0.0980304, 0.1408
-9.20508e-05, -0.0977758, 0.1409
-0.000101824, -0.0975151, 0.141
-0.000111571, -0.0972484, 0.1411
-0.000121291, -0.0969757, 0.1412
-0.000130984, -0.096697, 0.1413
-0.000140648, -0.0964122, 0.1414
-0.000150285, -0.0961216, 0.1415
-0.000159892, -0.0958249, 0.1416
-0.000169469, -0.0955223, 0.1417
-0.000179016, -0.0952138, 0.1418
-0.000188532, -0.0948994, 0.1419
-0.000198016, -0.0945792, 0.142
-0.000207469, -0.094253, 0.1421
-0.000216888, -0.0939211, 0.1422
-0.000226275, -0.0935833, 0.1423
-0.000235627, -0.0932397, 0.1424
-0.000244945, -0.0928904, 0.1425
-0.000254228, -0.0925353, 0.1426
-0.000263475, -0.0921744, 0.1427
-0.000272686, -0.0918079, 0.1428
-0.000281861, -0.0914357, 0.1429
-0.000290998, -0.0910578, 0.143
-0.000300097, -0.0906744, 0.1431
-0.000309158, -0.0902852, 0.1432
-0.00031818, -0.0898906, 0.1433
-0.000327162, -0.0894903, 0.1434
-0.000336104, -0.0890845, 0.1435
-0.000345006, -0.0886732, 0.1436
-0.000353866, -0.0882565, 0.1437
-0.000362684, -0.0878342, 0.1438
-0.00037146, -0.0874066, 0.1439
-0.000380194, -0.0869735, 0.144
-0.000388884, -0.0865351, 0.1441
-0.000397529, -0.0860913, 0.1442
-0.000406131, -0.0856422, 0.1443
-0.000414687, -0.0851878, 0.1444
-0.000423198, -0.0847282, 0.1445
-0.000431663, -0.0842633, 0.1446
-0.000440082, -0.0837932, 0.1447
-0.000448453, -0.083318, 0.1448
-0.000456777, -0.0828376, 0.1449
-0.000465052, -0.0823521, 0.145
-0.000473279, -0.0818615, 0.1451
-0.000481457, -0.0813659, 0.1452
-0.000489585, -0.0808652, 0.1453
-0.000497663, -0.0803596, 0.1454
-0.00050569, -0.079849, 0.1455
-0.000513666, -0.0793335, 0.1456
-0.000521591, -0.0788131, 0.1457
-0.000529463, -0.0782879, 0.1458
-0.000537283, -0.0777578, 0.1459
-0.00054505, -0.0772229, 0.146
-0.000552763, -0.0766833, 0.1461
-0.000560422, -0.076139, 0.1462
-0.000568026, -0.07559, 0.1463
-0.000575576, -0.0750363, 0.1464
-0.00058307, -0.074478, 0.1465
-0.000590509, -0.0739152, 0.1466
-0.00059789, -0.0733478, 0.1467
-0.000605216, -0.0727759, 0.1468
-0.000612483, -0.0721995, 0.1469
-0.000619694, -0.0716187, 0.147
-0.000626846, -0.0710335, 0.1471
-0.000633939, -0.0704439, 0.1472
-0.000640973, -0.06985, 0.1473
-0.000647948, -0.0692519, 0.1474
-0.000654863, -0.0686494, 0.1475
-0.000661718, -0.0680428, 0.1476
-0.000668512, -0.067432, 0.1477
-0.000675245, -0.0668171, 0.1478
-0.000681916, -0.0661981, 0.1479
-0.000688525, -0.065575, 0.148
-0.000695072, -0.0649479, 0.1481
-0.000701556, -0.0643169, 0.1482
-0.000707977, -0.0636819, 0.1483
-0.000714335, -0.063043, 0.1484
-0.000720628, -0.0624003, 0.1485
-0.000726857, -0.0617537, 0.1486
-0.000733022, -0.0611034, 0.1487
-0.000739121, -0.0604494, 0.1488
-0.000745155, -0.0597917, 0.1489
-0.000751123, -0.0591303, 0.149
-0.000757025, -0.0584653, 0.1491
-0.00076286, -0.0577968, 0.1492
-0.000768628, -0.0571248, 0.1493
-0.000774329, -0.0564493, 0.1494
-0.000779963, -0.0557703, 0.1495
-0.000785528, -0.055088, 0.1496
-0.000791026, -0.0544023, 0.1497
-0.000796454, -0.0537134, 0.1498
-0.000801814, -0.0530211, 0.1499
-0.000807104, -0.0523257, 0.15
-0.000812325, -0.0516271, 0.1501
-0.000817476, -0.0509253, 0.1502
-0.000822557, -0.0502205, 0.1503
-0.000827567, -0.0495127, 0.1504
-0.000832506, -0.0488019, 0.1505
-0.000837374, -0.0480881, 0.1506
-0.000842171, -0.0473714, 0.1507
-0.000846896, -0.0466519, 0.1508
-0.000851549, -0.0459296, 0.1509
-0.00085613, -0.0452045, 0.151
-0.000860638, -0.0444767, 0.1511
-0.000865073, -0.0437462, 0.1512
-0.000869436, -0.0430131, 0.1513
-0.000873725, -0.0422774, 0.1514
-0.00087794, -0.0415392, 0.1515
-0.000882081, -0.0407986, 0.1516
-0.000886149, -0.0400555, 0.1517
-0.000890142, -0.03931, 0.1518
-0.00089406, -0.0385621, 0.1519
-0.000897904, -0.037812, 0.152
-0.000901672, -0.0370597, 0.1521
-0.000905366, -0.0363051, 0.1522
-0.000908984, -0.0355484, 0.1523
-0.000912526, -0.0347896, 0.1524
-0.000915992, -0.0340288, 0.1525
-0.000919382, -0.0332659, 0.1526
-0.000922696, -0.0325011, 0.1527
-0.000925933, -0.0317344, 0.1528
-0.000929093, -0.0309658, 0.1529
-0.000932177, -0.0301955, 0.153
-0.000935184, -0.0294233, 0.1531
-0.000938113, -0.0286495, 0.1532
-0.000940965, -0.027874, 0.1533
-0.000943739, -0.0270969, 0.1534
-0.000946436, -0.0263183, 0.1535
-0.000949055, -0.0255381, 0.1536
-0.000951595, -0.0247565, 0.1537
-0.000954058, -0.0239734, 0.1538
-0.000956442, -0.023189, 0.1539
-0.000958748, -0.0224033, 0.154
-0.000960975, -0.0216163, 0.1541
-0.000963123, -0.0208282, 0.1542
-0.000965193, -0.0200388, 0.1543
-0.000967184, -0.0192484, 0.1544
-0.000969095, -0.0184569, 0.1545
-0.000970928, -0.0176644, 0.1546
-0.000972681, -0.0168709, 0.1547
-0.000974354, -0.0160765, 0.1548
-0.000975949, -0.0152813, 0.1549
-0.000977464, -0.0144853, 0.155
-0.000978899, -0.0136885, 0.1551
-0.000980254, -0.012891, 0.1552
-0.00098153, -0.0120928, 0.1553
-0.000982726, -0.0112941, 0.1554
-0.000983842, -0.0104948, 0.1555
-0.000984878, -0.00969495, 0.1556
-0.000985834, -0.0088947, 0.1557
-0.00098671, -0.00809405, 0.1558
-0.000987506, -0.00729305, 0.1559
-0.000988222, -0.00649176, 0.156
-0.000988858, -0.00569022, 0.1561
-0.000989413, -0.00488848, 0.1562
-0.000989889, -0.00408661, 0.1563
-0.000990284, -0.00328464, 0.1564
-0.000990599, -0.00248263, 0.1565
-0.000990834, -0.00168064, 0.1566
-0.000990989, -0.0008787, 0.1567
-0.000991063, -7.68783e-05, 0.1568
-0.000991057, 0.000724779, 0.1569
-0.000990972, 0.00152622, 0.157
-0.000990806, 0.0023274, 0.1571
-0.000990559, 0.00312826, 0.1572
-0.000990233, 0.00392875, 0.1573
-0.000989827, 0.00472882, 0.1574
-0.000989341, 0.00552841, 0.1575
-0.000988775, 0.00632749, 0.1576
-0.000988128, 0.007126, 0.1577
-0.000987403, 0.00792388, 0.1578
-0.000986597, 0.00872108, 0.1579
-0.000985711, 0.00951756, 0.158
-0.000984746, 0.0103133, 0.1581
-0.000983702, 0.0111081, 0.1582
-0.000982578, 0.0119021, 0.1583
-0.000981374, 0.0126952, 0.1584
-0.000980092, 0.0134873, 0.1585
-0.00097873, 0.0142784, 0.1586
-0.000977289, 0.0150684, 0.1587
-0.000975769, 0.0158572, 0.1588
-0.00097417, 0.0166449, 0.1589
-0.000972492, 0.0174313, 0.159
-0.000970736, 0.0182165, 0.1591
-0.000968901, 0.0190003, 0.1592
-0.000966988, 0.0197828, 0.1593
-0.000964997, 0.0205638, 0.1594
-0.000962927, 0.0213433, 0.1595
-0.00096078, 0.0221213, 0.1596
-0.000958555, 0.0228977, 0.1597
-0.000956252, 0.0236725, 0.1598
-0.000953872, 0.0244457, 0.1599
-0.000951415, 0.025217, 0.16
-0.00094888, 0.0259867, 0.1601
-0.000946269, 0.0267544, 0.1602
-0.000943581, 0.0275204, 0.1603
-0.000940816, 0.0282843, 0.1604
-0.000937975, 0.0290463, 0.1605
-0.000935057, 0.0298063, 0.1606
-0.000932064, 0.0305643, 0.1607
-0.000928995, 0.0313201, 0.1608
-0.000925851, 0.0320737, 0.1609
-0.000922631, 0.0328251, 0.161
-0.000919336, 0.0335743, 0.1611
-0.000915966, 0.0343211, 0.1612
-0.000912521, 0.0350656, 0.1613
-0.000909002, 0.0358077, 0.1614
-0.000905409, 0.0365473, 0.1615
-0.000901742, 0.0372844, 0.1616
-0.000898002, 0.038019, 0.1617
-0.000894188, 0.038751, 0.1618
-0.0008903, 0.0394803, 0.1619
-0.00088634, 0.040207, 0.162
-0.000882308, 0.0409309, 0.1621
-0.000878202, 0.041652, 0.1622
-0.000874025, 0.0423704, 0.1623
-0.000869776, 0.0430858, 0.1624
-0.000865456, 0.0437983, 0.1625
-0.000861064, 0.0445079, 0.1626
-0.000856602, 0.0452145, 0.1627
-0.000852069, 0.045918, 0.1628
-0.000847465, 0.0466184, 0.1629
-0.000842792, 0.0473156, 0.163
-0.000838049, 0.0480097, 0.1631
-0.000833236, 0.0487005, 0.1632
-0.000828355, 0.0493881, 0.1633
-0.000823405, 0.0500724, 0.1634
-0.000818386, 0.0507533, 0.1635
-0.0008133, 0.0514307, 0.1636
-0.000808145, 0.0521048, 0.1637
-0.000802924, 0.0527753, 0.1638
-0.000797635, 0.0534423, 0.1639
-0.00079228, 0.0541057, 0.164
-0.000786858, 0.0547655, 0.1641
-0.000781371, 0.0554217, 0.1642
-0.000775818, 0.0560741, 0.1643
-0.0007702, 0.0567228, 0.1644
-0.000764517, 0.0573677, 0.1645
-0.000758769, 0.0580088, 0.1646
-0.000752958, 0.058646, 0.1647
-0.000747083, 0.0592793, 0.1648
-0.000741145, 0.0599087, 0.1649
-0.000735143, 0.060534, 0.165
-0.00072908, 0.0611554, 0.1651
-0.000722954, 0.0617726, 0.1652
-0.000716766, 0.0623858, 0.1653
-0.000710518, 0.0629948, 0.1654
-0.000704208, 0.0635996, 0.1655
-0.000697838, 0.0642002, 0.1656
-0.000691408, 0.0647965, 0.1657
-0.000684919, 0.0653886, 0.1658
-0.00067837, 0.0659762, 0.1659
-0.000671763, 0.0665596, 0.166
-0.000665098, 0.0671385, 0.1661
-0.000658374, 0.0677129, 0.1662
-0.000651594, 0.0682829, 0.1663
-0.000644756, 0.0688483, 0.1664
-0.000637862, 0.0694092, 0.1665
-0.000630912, 0.0699655, 0.1666
-0.000623906, 0.0705171, 0.1667
-0.000616845, 0.0710641, 0.1668
-0.00060973, 0.0716064, 0.1669
-0.000602561, 0.0721439, 0.167
-0.000595337, 0.0726767, 0.1671
-0.000588061, 0.0732047, 0.1672
-0.000580732, 0.0737278, 0.1673
-0.000573351, 0.0742461, 0.1674
-0.000565917, 0.0747594, 0.1675
-0.000558433, 0.0752679, 0.1676
-0.000550898, 0.0757713, 0.1677
-0.000543313, 0.0762698, 0.1678
-0.000535678, 0.0767632, 0.1679
-0.000527993, 0.0772516, 0.168
-0.00052026, 0.0777348, 0.1681
-0.000512479, 0.078213, 0.1682
-0.00050465, 0.0786859, 0.1683
-0.000496773, 0.0791537, 0.1684
-0.00048885, 0.0796163, 0.1685
-0.000480881, 0.0800737, 0.1686
-0.000472867, 0.0805257, 0.1687
-0.000464807, 0.0809725, 0.1688
-0.000456702, 0.0814139, 0.1689
-0.000448554, 0.0818499, 0.169
-0.000440362, 0.0822806, 0.1691
-0.000432126, 0.0827059, 0.1692
-0.000423849, 0.0831257, 0.1693
-0.00041553, 0.08354, 0.1694
-0.000407169, 0.0839489, 0.1695
-0.000398767, 0.0843522, 0.1696
-0.000390326, 0.08475, 0.1697
-0.000381844, 0.0851422, 0.1698
-0.000373324, 0.0855288, 0.1699
-0.000364765, 0.0859098, 0.17
-0.000356168, 0.0862852, 0.1701
-0.000347533, 0.0866549, 0.1702
-0.000338862, 0.0870188, 0.1703
-0.000330154, 0.0873771, 0.1704
-0.00032141, 0.0877296, 0.1705
-0.000312632, 0.0880764, 0.1706
-0.000303819, 0.0884174, 0.1707
-0.000294971, 0.0887525, 0.1708
-0.000286091, 0.0890819, 0.1709
-0.000277177, 0.0894054, 0.171
-0.000268232, 0.089723, 0.1711
-0.000259254, 0.0900348, 0.1712
-0.000250246, 0.0903406, 0.1713
-0.000241207, 0.0906405, 0.1714
-0.000232138, 0.0909345, 0.1715
-0.00022304, 0.0912225, 0.1716
-0.000213913, 0.0915045, 0.1717
-0.000204758, 0.0917805, 0.1718
-0.000195576, 0.0920505, 0.1719
-0.000186366, 0.0923144, 0.172
-0.000177131, 0.0925723, 0.1721
-0.00016787, 0.0928241, 0.1722
-0.000158583, 0.0930699, 0.1723
-0.000149272, 0.0933095, 0.1724
-0.000139938, 0.0935431, 0.1725
-0.00013058, 0.0937705, 0.1726
-0.000121199, 0.0939917, 0.1727
-0.000111797, 0.0942068, 0.1728
-0.000102372, 0.0944157, 0.1729
-9.29277e-05, 0.0946184, 0.173
-8.34627e-05, 0.094815, 0.1731
-7.39782e-05, 0.0950053, 0.1732
-6.44747e-05, 0.0951894, 0.1733
-5.4953e-05, 0.0953673, 0.1734
-4.54135e-05, 0.0955389, 0.1735
-3.5857e-05, 0.0957042, 0.1736
-2.62841e-05, 0.0958633, 0.1737
-1.66954e-05, 0.0960161, 0.1738
-7.09148e-06, 0.0961626, 0.1739
2.52697e-06, 0.0963029, 0.174
1.21593e-05, 0.0964368, 0.1741
2.1805e-05, 0.0965644, 0.1742
3.14633e-05, 0.0966857, 0.1743
4.11336e-05, 0.0968006, 0.1744
5.08154e-05, 0.0969093, 0.1745
6.05078e-05, 0.0970115, 0.1746
7.02104e-05, 0.0971075, 0.1747
7.99225e-05, 0.097197, 0.1748
8.96434e-05, 0.0972802, 0.1749
9.93726e-05, 0.0973571, 0.175
0.000109109, 0.0974276, 0.1751
0.000118853, 0.0974917, 0.1752
0.000128603, 0.0975494, 0.1753
0.000138359, 0.0976007, 0.1754
0.000148119, 0.0976456, 0.1755
0.000157884, 0.0976842, 0.1756
0.000167653, 0.0977164, 0.1757
0.000177425, 0.0977421, 0.1758
0.000187199, 0.0977615, 0.1759
0.000196976, 0.0977745, 0.176
0.000206753, 0.0977811, 0.1761
0.000216531, 0.0977813, 0.1762
0.000226309, 0.097775, 0.1763
0.000236086, 0.0977624, 0.1764
0.000245862, 0.0977434, 0.1765
0.000255635, 0.097718, 0.1766
0.000265407, 0.0976862, 0.1767
0.000275174, 0.0976481, 0.1768
0.000284938, 0.0976035, 0.1769
0.000294698, 0.0975525, 0.177
0.000304452, 0.0974952, 0.1771
0.0003142, 0.0974315, 0.1772
0.000323942, 0.0973614, 0.1773
0.000333677, 0.0972849, 0.1774
0.000343404, 0.0972021, 0.1775
0.000353122, 0.0971129, 0.1776
0.000362832, 0.0970174, 0.1777
0.000372531, 0.0969155, 0.1778
0.000382221, 0.0968073, 0.1779
0.0003919, 0.0966928, 0.178
0.000401567, 0.0965719, 0.1781
0.000411222, 0.0964447, 0.1782
0.000420864, 0.0963112, 0.1783
0.000430492, 0.0961714, 0.1784
0.000440107, 0.0960253, 0.1785
0.000449707, 0.095873, 0.1786
0.000459291, 0.0957143, 0.1787
0.00046886, 0.0955494, 0.1788
0.000478412, 0.0953783, 0.1789
0.000487946, 0.0952009, 0.179
0.000497463, 0.0950173, 0.1791
0.000506962, 0.0948274, 0.1792
0.000516441, 0.0946314, 0.1793
0.000525901, 0.0944292, 0.1794
0.00053534, 0.0942208, 0.1795
0.000544758, 0.0940062, 0.1796
0.000554155, 0.0937855, 0.1797
0.00056353, 0.0935586, 0.1798
0.000572881, 0.0933256, 0.1799
0.00058221, 0.0930865, 0.18
0.000591514, 0.0928413, 0.1801
0.000600794, 0.0925901, 0.1802
0.000610049, 0.0923328, 0.1803
0.000619277, 0.0920694, 0.1804
0.00062848, 0.0918, 0.1805
0.000637655, 0.0915246, 0.1806
0.000646802, 0.0912433, 0.1807
0.000655922, 0.0909559, 0.1808
0.000665012, 0.0906626, 0.1809
0.000674073, 0.0903633, 0.181
0.000683104, 0.0900582, 0.1811
0.000692105, 0.0897471, 0.1812
0.000701074, 0.0894302, 0.1813
0.000710012, 0.0891074, 0.1814
0.000718917, 0.0887788, 0.1815
0.000727789, 0.0884444, 0.1816
0.000736628, 0.0881041, 0.1817
0.000745432, 0.0877581, 0.1818
0.000754202, 0.0874064, 0.1819
0.000762936, 0.0870489, 0.182
0.000771635, 0.0866857, 0.1821
0.000780297, 0.0863169, 0.1822
0.000788923, 0.0859424, 0.1823
0.00079751, 0.0855622, 0.1824
0.00080606, 0.0851765, 0.1825
0.000814571, 0.0847852, 0.1826
0.000823043, 0.0843883, 0.1827
0.000831475, 0.0839859, 0.1828
0.000839866, 0.083578, 0.1829
0.000848217, 0.0831646, 0.183
0.000856526, 0.0827457, 0.1831
0.000864794, 0.0823214, 0.1832
0.000873018, 0.0818918, 0.1833
0.0008812, 0.0814567, 0.1834
0.000889338, 0.0810163, 0.1835
0.000897432, 0.0805706, 0.1836
0.000905482, 0.0801196, 0.1837
0.000913486, 0.0796634, 0.1838
0.000921444, 0.0792019, 0.1839
0.000929357, 0.0787353, 0.184
0.000937222, 0.0782634, 0.1841
0.00094504, 0.0777864, 0.1842
0.000952811, 0.0773044, 0.1843
0.000960533, 0.0768172, 0.1844
0.000968206, 0.076325, 0.1845
0.000975831, 0.0758278, 0.1846
0.000983405, 0.0753256, 0.1847
0.000990929, 0.0748185, 0.1848
0.000998402, 0.0743064, 0.1849
0.00100582, 0.0737895, 0.185
0.00101319, 0.0732677, 0.1851
0.00102051, 0.0727411, 0.1852
0.00102778, 0.0722097, 0.1853
0.00103499, 0.0716736, 0.1854
0.00104215, 0.0711327, 0.1855
0.00104925, 0.0705872, 0.1856
0.0010563, 0.070037, 0.1857
0.00106329, 0.0694822, 0.1858
0.00107023, 0.0689229, 0.1859
0.00107712, 0.068359, 0.186
0.00108394, 0.0677906, 0.1861
0.00109071, 0.0672177, 0.1862
0.00109742, 0.0666404, 0.1863
0.00110408, 0.0660588, 0.1864
0.00111067, 0.0654727, 0.1865
0.00111721, 0.0648824, 0.1866
0.00112369, 0.0642878, 0.1867
0.00113011, 0.0636889, 0.1868
0.00113647, 0.0630858, 0.1869
0.00114277, 0.0624786, 0.187
0.001149, 0.0618673, 0.1871
0.00115518, 0.0612518, 0.1872
0.00116129, 0.0606324, 0.1873
0.00116735, 0.0600089, 0.1874
0.00117334, 0.0593814, 0.1875
0.00117926, 0.0587501, 0.1876
0.00118513, 0.0581148, 0.1877
0.00119093, 0.0574757, 0.1878
0.00119667, 0.0568328, 0.1879
0.00120234, 0.0561862, 0.188
0.00120795, 0.0555358, 0.1881
0.00121349, 0.0548817, 0.1882
0.00121897, 0.054224, 0.1883
0.00122438, 0.0535627, 0.1884
0.00122972, 0.0528979, 0.1885
0.001235, 0.0522296, 0.1886
0.00124021, 0.0515577, 0.1887
0.00124536, 0.0508825, 0.1888
0.00125043, 0.0502039, 0.1889
0.00125544, 0.049522, 0.189
0.00126038, 0.0488367, 0.1891
0.00126525, 0.0481482, 0.1892
0.00127006, 0.0474565, 0.1893
0.00127479, 0.0467617, 0.1894
0.00127946, 0.0460637, 0.1895
0.00128405, 0.0453627, 0.1896
0.00128858, 0.0446586, 0.1897
0.00129303, 0.0439516, 0.1898
0.00129741, 0.0432416, 0.1899
0.00130172, 0.0425288, 0.19
0.00130597, 0.0418131, 0.1901
0.00131013, 0.0410946, 0.1902
0.00131423, 0.0403733, 0.1903
0.00131826, 0.0396494, 0.1904
0.00132221, 0.0389228, 0.1905
0.00132609, 0.0381935, 0.1906
0.0013299, 0.0374617, 0.1907
0.00133363, 0.0367274, 0.1908
0.00133729, 0.0359907, 0.1909
0.00134088, 0.0352515, 0.191
0.00134439, 0.0345099, 0.1911
0.00134783, 0.033766, 0.1912
0.00135119, 0.0330198, 0.1913
0.00135448, 0.0322714, 0.1914
0.0013577, 0.0315208, 0.1915
0.00136084, 0.030768, 0.1916
0.0013639, 0.0300132, 0.1917
0.00136689, 0.0292563, 0.1918
0.0013698, 0.0284975, 0.1919
0.00137264, 0.0277367, 0.192
0.0013754, 0.026974, 0.1921
0.00137808, 0.0262095, 0.1922
0.00138069, 0.0254431, 0.1923
0.00138322, 0.024675, 0.1924
0.00138568, 0.0239053, 0.1925
0.00138806, 0.0231338, 0.1926
0.00139036, 0.0223608, 0.1927
0.00139258, 0.0215862, 0.1928
0.00139473, 0.0208102, 0.1929
0.00139679, 0.0200327, 0.193
0.00139878, 0.0192537, 0.1931
0.0014007, 0.0184735, 0.1932
0.00140253, 0.0176919, 0.1933
0.00140429, 0.0169091, 0.1934
0.00140596, 0.0161251, 0.1935
0.00140756, 0.0153399, 0.1936
0.00140908, 0.0145536, 0.1937
0.00141053, 0.0137663, 0.1938
0.00141189, 0.012978, 0.1939
0.00141317, 0.0121887, 0.194
0.00141438, 0.0113986, 0.1941
0.00141551, 0.0106076, 0.1942
0.00141655, 0.0098158, 0.1943
0.00141752, 0.00902326, 0.1944
0.00141841, 0.00823003, 0.1945
0.00141922, 0.00743616, 0.1946
0.00141995, 0.0066417, 0.1947
0.0014206, 0.00584669, 0.1948
0.00142117, 0.0050512, 0.1949
0.00142167, 0.00425526, 0.195
0.00142208, 0.00345894, 0.1951
0.00142241, 0.00266229, 0.1952
0.00142266, 0.00186535, 0.1953
0.00142284, 0.00106817, 0.1954
0.00142293, 0.000270813, 0.1955
0.00142294, -0.000526677, 0.1956
0.00142288, -0.00132425, 0.1957
0.00142273, -0.00212185, 0.1958
0.00142251, -0.00291943, 0.1959
0.0014222, -0.00371693, 0.196
0.00142182, -0.00451431, 0.1961
0.00142135, -0.00531152, 0.1962
0.00142081, -0.0061085, 0.1963
0.00142018, -0.0069052, 0.1964
0.00141948, -0.00770158, 0.1965
0.0014187, -0.00849757, 0.1966
0.00141783, -0.00929313, 0.1967
0.00141689, -0.0100882, 0.1968
0.00141587, -0.0108828, 0.1969
0.00141477, -0.0116767, 0.197
0.00141358, -0.0124701, 0.1971
0.00141232, -0.0132627, 0.1972
0.00141099, -0.0140546, 0.1973
0.00140957, -0.0148457, 0.1974
0.00140807, -0.015636, 0.1975
0.00140649, -0.0164254, 0.1976
0.00140484, -0.0172139, 0.1977
0.0014031, -0.0180013, 0.1978
0.00140129, -0.0187878, 0.1979
0.0013994, -0.0195731, 0.198
0.00139743, -0.0203573, 0.1981
0.00139538, -0.0211403, 0.1982
0.00139325, -0.0219221, 0.1983
0.00139105, -0.0227025, 0.1984
0.00138876, -0.0234817, 0.1985
0.0013864, -0.0242594, 0.1986
0.00138396, -0.0250357, 0.1987
0.00138145, -0.0258105, 0.1988
0.00137885, -0.0265838, 0.1989
0.00137618, -0.0273554, 0.199
0.00137343, -0.0281255, 0.1991
0.00137061, -0.0288938, 0.1992
0.0013677, -0.0296604, 0.1993
0.00136473, -0.0304252, 0.1994
0.00136167, -0.0311882, 0.1995
0.00135854, -0.0319493, 0.1996
0.00135533, -0.0327084, 0.1997
0.00135205, -0.0334656, 0.1998
0.00134869, -0.0342207, 0.1999
0.00134525, -0.0349738, 0.2
0.00134174, -0.0357247, 0.2001
0.00133816, -0.0364735, 0.2002
0.0013345, -0.03722, 0.2003
0.00133076, -0.0379643, 0.2004
0.00132696, -0.0387062, 0.2005
0.00132307, -0.0394458, 0.2006
0.00131912, -0.0401829, 0.2007
0.00131509, -0.0409176, 0.2008
0.00131098, -0.0416498, 0.2009
0.0013068, -0.0423794, 0.201
0.00130255, -0.0431064, 0.2011
0.00129823, -0.0438308, 0.2012
0.00129384, -0.0445524, 0.2013
0.00128937, -0.0452714, 0.2014
0.00128483, -0.0459875, 0.2015
0.00128022, -0.0467008, 0.2016
0.00127554, -0.0474112, 0.2017
0.00127079, -0.0481187, 0.2018
0.00126596, -0.0488232, 0.2019
0.00126107, -0.0495247, 0.202
0.0012561, -0.0502232, 0.2021
0.00125107, -0.0509185, 0.2022
0.00124597, -0.0516107, 0.2023
0.00124079, -0.0522997, 0.2024
0.00123555, -0.0529854, 0.2025
0.00123024, -0.0536679, 0.2026
0.00122486, -0.054347, 0.2027
0.00121942, -0.0550227, 0.2028
0.00121391, -0.0556951, 0.2029
0.00120832, -0.056364, 0.203
0.00120268, -0.0570294, 0.2031
0.00119696, -0.0576912, 0.2032
0.00119118, -0.0583494, 0.2033
0.00118534, -0.0590041, 0.2034
0.00117943, -0.059655, 0.2035
0.00117345, -0.0603023, 0.2036
0.00116741, -0.0609458, 0.2037
0.0011613, -0.0615854, 0.2038
0.00115514, -0.0622213, 0.2039
0.0011489, -0.0628533, 0.204
0.00114261, -0.0634813, 0.2041
0.00113625, -0.0641054, 0.2042
0.00112983, -0.0647256, 0.2043
0.00112334, -0.0653416, 0.2044
0.0011168, -0.0659536, 0.2045
0.00111019, -0.0665615, 0.2046
0.00110353, -0.0671652, 0.2047
0.0010968, -0.0677647, 0.2048
0.00109002, -0.06836, 0.2049
0.00108317, -0.068951, 0.205
0.00107627, -0.0695378, 0.2051
0.0010693, -0.0701201, 0.2052
0.00106228, -0.0706981, 0.2053
0.0010552, -0.0712717, 0.2054
0.00104806, -0.0718408, 0.2055
0.00104087, -0.0724054, 0.2056
0.00103362, -0.0729655, 0.2057
0.00102632, -0.073521, 0.2058
0.00101895, -0.0740719, 0.2059
0.00101154, -0.0746181, 0.206
0.00100407, -0.0751597, 0.2061
0.000996543, -0.0756966, 0.2062
0.000988964, -0.0762288, 0.2063
0.000981333, -0.0767562, 0.2064
0.000973648, -0.0772787, 0.2065
0.000965912, -0.0777964, 0.2066
0.000958124, -0.0783093, 0.2067
0.000950285, -0.0788172, 0.2068
0.000942395, -0.0793202, 0.2069
0.000934454, -0.0798182, 0.207
0.000926465, -0.0803112, 0.2071
0.000918425, -0.0807992, 0.2072
0.000910337, -0.0812821, 0.2073
0.000902201, -0.0817599, 0.2074
0.000894018, -0.0822326, 0.2075
0.000885787, -0.0827001, 0.2076
0.000877509, -0.0831624, 0.2077
0.000869185, -0.0836195, 0.2078
0.000860816, -0.0840714, 0.2079
0.000852401, -0.0845179, 0.208
0.000843942, -0.0849592, 0.2081
0.000835439, -0.0853951, 0.2082
0.000826893, -0.0858257, 0.2083
0.000818303, -0.0862508, 0.2084
0.000809671, -0.0866706, 0.2085
0.000800997, -0.0870849, 0.2086
0.000792282, -0.0874937, 0.2087
0.000783526, -0.087897, 0.2088
0.00077473, -0.0882948, 0.2089
0.000765894, -0.0886871, 0.209
0.000757019, -0.0890738, 0.2091
0.000748106, -0.0894548, 0.2092
0.000739154, -0.0898303, 0.2093
0.000730165, -0.0902001, 0.2094
0.000721139, -0.0905642, 0.2095
0.000712077, -0.0909226, 0.2096
0.000702979, -0.0912753, 0.2097
0.000693845, -0.0916223, 0.2098
0.000684678, -0.0919635, 0.2099
0.000675476, -0.0922989, 0.21
0.000666241, -0.0926285, 0.2101
0.000656972, -0.0929523, 0.2102
0.000647672, -0.0932702, 0.2103
0.00063834, -0.0935823, 0.2104
0.000628977, -0.0938884, 0.2105
0.000619583, -0.0941887, 0.2106
0.000610159, -0.094483, 0.2107
0.000600706, -0.0947714, 0.2108
0.000591225, -0.0950538, 0.2109
0.000581715, -0.0953302, 0.211
0.000572177, -0.0956007, 0.2111
0.000562613, -0.0958651, 0.2112
0.000553022, -0.0961234, 0.2113
0.000543406, -0.0963757, 0.2114
0.000533764, -0.096622, 0.2115
0.000524098, -0.0968621, 0.2116
0.000514408, -0.0970962, 0.2117
0.000504695, -0.0973241, 0.2118
0.000494959, -0.0975459, 0.2119
0.000485201, -0.0977615, 0.212
0.000475422, -0.097971, 0.2121
0.000465621, -0.0981744, 0.2122
0.000455801, -0.0983715, 0.2123
0.000445961, -0.0985624, 0.2124
0.000436101, -0.0987471, 0.2125
0.000426224, -0.0989256, 0.2126
0.000416329, -0.0990979, 0.2127
0.000406416, -0.0992639, 0.2128
0.000396487, -0.0994237, 0.2129
0.000386542, -0.0995772, 0.213
0.000376582, -0.0997244, 0.2131
0.000366608, -0.0998653, 0.2132
0.000356619, -0.1, 0.2133
0.000346617, -0.100128, 0.2134
0.000336602, -0.10025, 0.2135
0.000326576, -0.100366, 0.2136
0.000316537, -0.100475, 0.2137
0.000306488, -0.100578, 0.2138
0.000296429, -0.100675, 0.2139
0.00028636, -0.100765, 0.214
0.000276282, -0.100849, 0.2141
0.000266196, -0.100927, 0.2142
0.000256102, -0.100998, 0.2143
0.000246002, -0.101063, 0.2144
0.000235895, -0.101122, 0.2145
0.000225782, -0.101174, 0.2146
0.000215664, -0.10122, 0.2147
0.000205541, -0.101259, 0.2148
0.000195415, -0.101292, 0.2149
0.000185285, -0.101319, 0.215
0.000175153, -0.101339, 0.2151
0.000165019, -0.101353, 0.2152
0.000154884, -0.10136, 0.2153
0.000144748, -0.101361, 0.2154
0.000134612, -0.101356, 0.2155
0.000124477, -0.101344, 0.2156
0.000114343, -0.101326, 0.2157
0.000104211, -0.101301, 0.2158
9.40818e-05, -0.10127, 0.2159
8.39556e-05, -0.101233, 0.216
7.38331e-05, -0.101189, 0.2161
6.37152e-05, -0.101139, 0.2162
5.36023e-05, -0.101083, 0.2163
4.34953e-05, -0.10102, 0.2164
3.33946e-05, -0.100951, 0.2165
2.33009e-05, -0.100875, 0.2166
1.32149e-05, -0.100793, 0.2167
3.1372e-06, -0.100705, 0.2168
-6.93157e-06, -0.10061, 0.2169
-1.69908e-05, -0.100509, 0.217
-2.70397e-05, -0.100402, 0.2171
-3.70779e-05, -0.100288, 0.2172
-4.71046e-05, -0.100168, 0.2173
-5.71191e-05, -0.100042, 0.2174
-6.7121e-05, -0.0999095, 0.2175
-7.71094e-05, -0.0997705, 0.2176
-8.70839e-05, -0.0996253, 0.2177
-9.70437e-05, -0.0994738, 0.2178
-0.000106988, -0.099316, 0.2179
-0.000116917, -0.099152, 0.218
-0.000126829, -0.0989817, 0.2181
-0.000136724, -0.0988051, 0.2182
-0.000146602, -0.0986223, 0.2183
-0.00015646, -0.0984333, 0.2184
-0.0001663, -0.0982381, 0.2185
-0.000176121, -0.0980367, 0.2186
-0.000185921, -0.0978291, 0.2187
-0.0001957, -0.0976154, 0.2188
-0.000205458, -0.0973955, 0.2189
-0.000215193, -0.0971694, 0.219
-0.000224906, -0.0969372, 0.2191
-0.000234596, -0.0966989, 0.2192
-0.000244261, -0.0964545, 0.2193
-0.000253902, -0.096204, 0.2194
-0.000263518, -0.0959475, 0.2195
-0.000273109, -0.0956849, 0.2196
-0.000282672, -0.0954162, 0.2197
-0.000292209, -0.0951416, 0.2198
-0.000301719, -0.0948609, 0.2199
-0.0003112, -0.0945743, 0.22
-0.000320652, -0.0942817, 0.2201
-0.000330075, -0.0939831, 0.2202
-0.000339468, -0.0936787, 0.2203
-0.000348831, -0.0933683, 0.2204
-0.000358162, -0.093052, 0.2205
-0.000367462, -0.0927299, 0.2206
-0.000376729, -0.0924019, 0.2207
-0.000385964, -0.0920681, 0.2208
-0.000395165, -0.0917285, 0.2209
-0.000404332, -0.0913831, 0.221
-0.000413464, -0.091032, 0.2211
-0.000422561, -0.0906751, 0.2212
-0.000431622, -0.0903125, 0.2213
-0.000440647, -0.0899442, 0.2214
-0.000449635, -0.0895703, 0.2215
-0.000458586, -0.0891907, 0.2216
-0.000467498, -0.0888054, 0.2217
-0.000476372, -0.0884146, 0.2218
-0.000485207, -0.0880182, 0.2219
-0.000494002, -0.0876163, 0.222
-0.000502757, -0.0872088, 0.2221
-0.00051147, -0.0867959, 0.2222
-0.000520143, -0.0863775, 0.2223
-0.000528773, -0.0859536, 0.2224
-0.000537361, -0.0855244, 0.2225
-0.000545906, -0.0850897, 0.2226
-0.000554408, -0.0846497, 0.2227
-0.000562865, -0.0842043, 0.2228
-0.000571278, -0.0837537, 0.2229
-0.000579646, -0.0832978, 0.223
-0.000587968, -0.0828366, 0.2231
-0.000596243, -0.0823702, 0.2232
-0.000604472, -0.0818986, 0.2233
-0.000612654, -0.0814219, 0.2234
-0.000620788, -0.0809401, 0.2235
-0.000628874, -0.0804531, 0.2236
-0.000636911, -0.0799611, 0.2237
-0.000644898, -0.0794641, 0.2238
-0.000652836, -0.0789621, 0.2239
-0.000660724, -0.0784551, 0.224
-0.000668561, -0.0779431, 0.2241
-0.000676346, -0.0774263, 0.2242
-0.00068408, -0.0769046, 0.2243
-0.000691762, -0.076378, 0.2244
-0.00069939, -0.0758467, 0.2245
-0.000706966, -0.0753106, 0.2246
-0.000714488, -0.0747697, 0.2247
-0.000721956, -0.0742242, 0.2248
-0.000729369, -0.0736739, 0.2249
-0.000736727, -0.0731191, 0.225
-0.000744029, -0.0725597, 0.2251
-0.000751276, -0.0719957, 0.2252
-0.000758466, -0.0714271, 0.2253
-0.000765599, -0.0708541, 0.2254
-0.000772674, -0.0702767, 0.2255
-0.000779692, -0.0696948, 0.2256
-0.000786652, -0.0691085, 0.2257
-0.000793552, -0.068518, 0.2258
-0.000800394, -0.0679231, 0.2259
-0.000807176, -0.0673239, 0.226
-0.000813899, -0.0667205, 0.2261
-0.00082056, -0.066113, 0.2262
-0.000827161, -0.0655013, 0.2263
-0.000833701, -0.0648854, 0.2264
-0.000840179, -0.0642656, 0.2265
-0.000846595, -0.0636416, 0.2266
-0.000852949, -0.0630137, 0.2267
-0.000859239, -0.0623819, 0.2268
-0.000865467, -0.0617461, 0.2269
-0.000871631, -0.0611065, 0.227
-0.00087773, -0.060463, 0.2271
-0.000883766, -0.0598158, 0.2272
-0.000889736, -0.0591648, 0.2273
-0.000895642, -0.0585101, 0.2274
-0.000901482, -0.0578517, 0.2275
-0.000907256, -0.0571898, 0.2276
-0.000912964, -0.0565242, 0.2277
-0.000918605, -0.0558551, 0.2278
-0.000924179, -0.0551825, 0.2279
-0.000929686, -0.0545065, 0.228
-0.000935125, -0.0538271, 0.2281
-0.000940496, -0.0531443, 0.2282
-0.000945799, -0.0524582, 0.2283
-0.000951033, -0.0517688, 0.2284
-0.000956198, -0.0510761, 0.2285
-0.000961294, -0.0503803, 0.2286
-0.000966321, -0.0496814, 0.2287
-0.000971277, -0.0489793, 0.2288
-0.000976163, -0.0482742, 0.2289
-0.000980978, -0.0475661, 0.229
-0.000985723, -0.046855, 0.2291
-0.000990397, -0.046141, 0.2292
-0.000994999, -0.0454242, 0.2293
-0.000999529, -0.0447045, 0.2294
-0.00100399, -0.043982, 0.2295
-0.00100837, -0.0432568, 0.2296
-0.00101269, -0.0425289, 0.2297
-0.00101693, -0.0417984, 0.2298
-0.00102109, -0.0410653, 0.2299
-0.00102519, -0.0403296, 0.23
-0.00102921, -0.0395914, 0.2301
-0.00103316, -0.0388508, 0.2302
-0.00103703, -0.0381078, 0.2303
-0.00104083, -0.0373624, 0.2304
-0.00104455, -0.0366147, 0.2305
-0.0010482, -0.0358647, 0.2306
-0.00105177, -0.0351125, 0.2307
-0.00105527, -0.0343582, 0.2308
-0.0010587, -0.0336017, 0.2309
-0.00106204, -0.0328432, 0.231
-0.00106531, -0.0320826, 0.2311
-0.00106851, -0.0313201, 0.2312
-0.00107163, -0.0305556, 0.2313
-0.00107467, -0.0297893, 0.2314
-0.00107764, -0.0290211, 0.2315
-0.00108053, -0.0282512, 0.2316
-0.00108334, -0.0274795, 0.2317
-0.00108607, -0.0267062, 0.2318
-0.00108873, -0.0259312, 0.2319
-0.00109131, -0.0251547, 0.232
-0.00109381, -0.0243766, 0.2321
-0.00109624, -0.023597, 0.2322
-0.00109859, -0.022816, 0.2323
-0.00110085, -0.0220336, 0.2324
-0.00110304, -0.0212499, 0.2325
-0.00110516, -0.0204649, 0.2326
-0.00110719, -0.0196787, 0.2327
-0.00110914, -0.0188913, 0.2328
-0.00111102, -0.0181028, 0.2329
-0.00111282, -0.0173132, 0.233
-0.00111453, -0.0165225, 0.2331
-0.00111617, -0.0157309, 0.2332
-0.00111773, -0.0149384, 0.2333
-0.00111921, -0.0141449, 0.2334
-0.00112062, -0.0133507, 0.2335
-0.00112194, -0.0125556, 0.2336
-0.00112318, -0.0117599, 0.2337
-0.00112434, -0.0109634, 0.2338
-0.00112542, -0.0101664, 0.2339
-0.00112643, -0.00936876, 0.234
-0.00112735, -0.00857061, 0.2341
-0.0011282, -0.00777198, 0.2342
-0.00112896, -0.00697294, 0.2343
-0.00112964, -0.00617353, 0.2344
-0.00113025, -0.0053738, 0.2345
-0.00113077, -0.0045738, 0.2346
-0.00113122, -0.00377359, 0.2347
-0.00113158, -0.00297321, 0.2348
-0.00113186, -0.00217272, 0.2349
-0.00113207, -0.00137217, 0.235
-0.00113219, -0.000571603, 0.2351
-0.00113223, 0.000228921, 0.2352
-0.0011322, 0.00102935, 0.2353
-0.00113208, 0.00182964, 0.2354
-0.00113189, 0.00262974, 0.2355
-0.00113161, 0.00342959, 0.2356
-0.00113125, 0.00422915, 0.2357
-0.00113082, 0.00502836, 0.2358
-0.0011303, 0.00582717, 0.2359
-0.0011297, 0.00662553, 0.236
-0.00112903, 0.00742339, 0.2361
-0.00112827, 0.0082207, 0.2362
-0.00112744, 0.00901741, 0.2363
-0.00112652, 0.00981347, 0.2364
-0.00112553, 0.0106088, 0.2365
-0.00112445, 0.0114034, 0.2366
-0.0011233, 0.0121972, 0.2367
-0.00112207, 0.0129901, 0.2368
-0.00112075, 0.0137822, 0.2369
-0.00111936, 0.0145732, 0.237
-0.00111789, 0.0153633, 0.2371
-0.00111634, 0.0161523, 0.2372
-0.00111472, 0.0169402, 0.2373
-0.00111301, 0.017727, 0.2374
-0.00111122, 0.0185125, 0.2375
-0.00110936, 0.0192968, 0.2376
-0.00110741, 0.0200797, 0.2377
-0.00110539, 0.0208613, 0.2378
-0.00110329, 0.0216415, 0.2379
-0.00110112, 0.0224202, 0.238
-0.00109886, 0.0231975, 0.2381
-0.00109653, 0.0239731, 0.2382
-0.00109412, 0.0247472, 0.2383
-0.00109163, 0.0255196, 0.2384
-0.00108907, 0.0262902, 0.2385
-0.00108643, 0.0270592, 0.2386
-0.00108371, 0.0278263, 0.2387
-0.00108091, 0.0285916, 0.2388
-0.00107804, 0.0293549, 0.2389
-0.00107509, 0.0301164, 0.239
-0.00107207, 0.0308758, 0.2391
-0.00106897, 0.0316331, 0.2392
-0.00106579, 0.0323884, 0.2393
-0.00106254, 0.0331415, 0.2394
-0.00105921, 0.0338924, 0.2395
-0.00105581, 0.0346411, 0.2396
-0.00105233, 0.0353875, 0.2397
-0.00104878, 0.0361316, 0.2398
-0.00104516, 0.0368732, 0.2399
-0.00104146, 0.0376125, 0.24
-0.00103769, 0.0383492, 0.2401
-0.00103384, 0.0390834, 0.2402
-0.00102992, 0.0398151, 0.2403
-0.00102592, 0.0405441, 0.2404
-0.00102186, 0.0412705, 0.2405
-0.00101772, 0.0419941, 0.2406
-0.00101351, 0.042715, 0.2407
-0.00100922, 0.0434331, 0.2408
-0.00100487, 0.0441484, 0.2409
-0.00100044, 0.0448607, 0.241
-0.000995944, 0.0455701, 0.2411
-0.000991375, 0.0462765, 0.2412
-0.000986736, 0.0469799, 0.2413
-0.000982026, 0.0476801, 0.2414
-0.000977246, 0.0483773, 0.2415
-0.000972397, 0.0490713, 0.2416
-0.000967478, 0.0497621, 0.2417
-0.000962491, 0.0504496, 0.2418
-0.000957435, 0.0511339, 0.2419
-0.00095231, 0.0518147, 0.242
-0.000947117, 0.0524922, 0.2421
-0.000941857, 0.0531663, 0.2422
-0.000936529, 0.0538369, 0.2423
-0.000931134, 0.054504, 0.2424
-0.000925673, 0.0551675, 0.2425
-0.000920145, 0.0558274, 0.2426
-0.000914551, 0.0564837, 0.2427
-0.000908892, 0.0571363, 0.2428
-0.000903168, 0.0577851, 0.2429
-0.000897379, 0.0584302, 0.243
-0.000891525, 0.0590715, 0.2431
-0.000885607, 0.0597089, 0.2432
-0.000879626, 0.0603424, 0.2433
-0.000873581, 0.060972, 0.2434
-0.000867474, 0.0615977, 0.2435
-0.000861304, 0.0622193, 0.2436
-0.000855071, 0.0628368, 0.2437
-0.000848778, 0.0634503, 0.2438
-0.000842423, 0.0640597, 0.2439
-0.000836007, 0.0646648, 0.244
-0.00082953, 0.0652658, 0.2441
-0.000822994, 0.0658625, 0.2442
-0.000816398, 0.0664549, 0.2443
-0.000809742, 0.067043, 0.2444
-0.000803028, 0.0676268, 0.2445
-0.000796256, 0.0682061, 0.2446
-0.000789426, 0.0687811, 0.2447
-0.000782539, 0.0693515, 0.2448
-0.000775594, 0.0699174, 0.2449
-0.000768593, 0.0704788, 0.245
-0.000761536, 0.0710356, 0.2451
-0.000754423, 0.0715878, 0.2452
-0.000747255, 0.0721354, 0.2453
-0.000740033, 0.0726782, 0.2454
-0.000732756, 0.0732164, 0.2455
-0.000725426, 0.0737497, 0.2456
-0.000718042, 0.0742783, 0.2457
-0.000710606, 0.0748021, 0.2458
-0.000703117, 0.075321, 0.2459
-0.000695576, 0.075835, 0.246
-0.000687984, 0.0763442, 0.2461
-0.000680342, 0.0768483, 0.2462
-0.000672649, 0.0773475, 0.2463
-0.000664906, 0.0778416, 0.2464
-0.000657114, 0.0783307, 0.2465
-0.000649272, 0.0788147, 0.2466
-0.000641383, 0.0792936, 0.2467
-0.000633446, 0.0797674, 0.2468
-0.000625462, 0.0802359, 0.2469
-0.00061743, 0.0806993, 0.247
-0.000609353, 0.0811575, 0.2471
-0.00060123, 0.0816104, 0.2472
-0.000593061, 0.082058, 0.2473
-0.000584848, 0.0825002, 0.2474
-0.000576591, 0.0829372, 0.2475
-0.00056829, 0.0833687, 0.2476
-0.000559946, 0.0837949, 0.2477
-0.00055156, 0.0842156, 0.2478
-0.000543132, 0.0846308, 0.2479
-0.000534662, 0.0850406, 0.248
-0.000526151, 0.0854449, 0.2481
-0.0005176, 0.0858436, 0.2482
-0.000509009, 0.0862368, 0.2483
-0.000500379, 0.0866244, 0.2484
-0.000491711, 0.0870063, 0.2485
-0.000483004, 0.0873827, 0.2486
-0.00047426, 0.0877533, 0.2487
-0.000465478, 0.0881183, 0.2488
-0.000456661, 0.0884776, 0.2489
-0.000447807, 0.0888312, 0.249
-0.000438918, 0.089179, 0.2491
-0.000429995, 0.089521, 0.2492
-0.000421037, 0.0898573, 0.2493
-0.000412046, 0.0901877, 0.2494
-0.000403022, 0.0905123, 0.2495
-0.000393966, 0.090831, 0.2496
-0.000384877, 0.0911438, 0.2497
-0.000375758, 0.0914508, 0.2498
-0.000366608, 0.0917518, 0.2499
-0.000357428, 0.0920469, 0.25
-0.000348219, 0.092336, 0.2501
-0.000338981, 0.0926192, 0.2502
-0.000329714, 0.0928963, 0.2503
-0.00032042, 0.0931675, 0.2504
-0.000311099, 0.0934326, 0.2505
-0.000301752, 0.0936917, 0.2506
-0.000292378, 0.0939447, 0.2507
-0.00028298, 0.0941916, 0.2508
-0.000273557, 0.0944325, 0.2509
-0.00026411, 0.0946672, 0.251
-0.00025464, 0.0948958, 0.2511
-0.000245146, 0.0951183, 0.2512
-0.000235631, 0.0953346, 0.2513
-0.000226094, 0.0955448, 0.2514
