0, 0, 0
1.62499e-09, 4.83742e-05, 0.0001
1.11586e-08, 0.000188829, 0.0002
3.59784e-08, 0.000413961, 0.0003
8.43747e-08, 0.000715434, 0.0004
1.63873e-07, 0.00108566, 0.0005
2.81254e-07, 0.00151778, 0.0006
4.42619e-07, 0.0020056, 0.0007
6.5346e-07, 0.00254351, 0.0008
9.18715e-07, 0.00312645, 0.0009
1.24282e-06, 0.00374983, 0.001
1.62977e-06, 0.00440952, 0.0011
2.08313e-06, 0.00510177, 0.0012
2.60612e-06, 0.00582318, 0.0013
3.20161e-06, 0.00657069, 0.0014
3.87217e-06, 0.00734152, 0.0015
4.6201e-06, 0.00813315, 0.0016
5.44744e-06, 0.0089433, 0.0017
6.35601e-06, 0.00976991, 0.0018
7.34745e-06, 0.0106111, 0.0019
8.42317e-06, 0.0114651, 0.002
9.58445e-06, 0.0123305, 0.0021
1.08324e-05, 0.0132058, 0.0022
1.2168e-05, 0.0140898, 0.0023
1.35921e-05, 0.0149813, 0.0024
1.51054e-05, 0.0158792, 0.0025
1.67085e-05, 0.0167826, 0.0026
1.84021e-05, 0.0176905, 0.0027
2.01865e-05, 0.0186023, 0.0028
2.20621e-05, 0.0195171, 0.0029
2.40292e-05, 0.0204344, 0.003
2.60881e-05, 0.0213534, 0.0031
2.82389e-05, 0.0222736, 0.0032
3.04816e-05, 0.0231946, 0.0033
3.28165e-05, 0.0241157, 0.0034
3.52435e-05, 0.0250367, 0.0035
3.77625e-05, 0.025957, 0.0036
4.03736e-05, 0.0268764, 0.0037
4.30765e-05, 0.0277944, 0.0038
4.58713e-05, 0.0287108, 0.0039
4.87576e-05, 0.0296253, 0.004
5.17353e-05, 0.0305375, 0.0041
5.48042e-05, 0.0314472, 0.0042
5.7964e-05, 0.0323542, 0.0043
6.12145e-05, 0.0332582, 0.0044
6.45553e-05, 0.0341591, 0.0045
6.79861e-05, 0.0350566, 0.0046
7.15067e-05, 0.0359506, 0.0047
7.51165e-05, 0.0368408, 0.0048
7.88153e-05, 0.0377271, 0.0049
8.26027e-05, 0.0386093, 0.005
8.64782e-05, 0.0394873, 0.0051
9.04414e-05, 0.040361, 0.0052
9.44919e-05, 0.0412301, 0.0053
9.86293e-05, 0.0420946, 0.0054
0.000102853, 0.0429543, 0.0055
0.000107163, 0.0438091, 0.0056
0.000111558, 0.0446589, 0.0057
0.000116037, 0.0455035, 0.0058
0.000120602, 0.0463429, 0.0059
0.00012525, 0.047177, 0.006
0.000129981, 0.0480056, 0.0061
0.000134795, 0.0488286, 0.0062
0.000139692, 0.0496459, 0.0063
0.00014467, 0.0504574, 0.0064
0.000149729, 0.0512631, 0.0065
0.000154868, 0.0520629, 0.0066
0.000160088, 0.0528566, 0.0067
0.000165387, 0.0536441, 0.0068
0.000170764, 0.0544254, 0.0069
0.000176219, 0.0552004, 0.007
0.000181752, 0.055969, 0.0071
0.000187361, 0.0567311, 0.0072
0.000193047, 0.0574867, 0.0073
0.000198808, 0.0582356, 0.0074
0.000204644, 0.0589778, 0.0075
0.000210554, 0.0597131, 0.0076
0.000216537, 0.0604416, 0.0077
0.000222593, 0.0611631, 0.0078
0.000228721, 0.0618776, 0.0079
0.000234921, 0.062585, 0.008
0.000241191, 0.0632852, 0.0081
0.000247531, 0.0639781, 0.0082
0.00025394, 0.0646638, 0.0083
0.000260417, 0.065342, 0.0084
0.000266962, 0.0660128, 0.0085
0.000273575, 0.066676, 0.0086
0.000280253, 0.0673316, 0.0087
0.000286997, 0.0679796, 0.0088
0.000293805, 0.0686199, 0.0089
0.000300678, 0.0692523, 0.009
0.000307613, 0.0698769, 0.0091
0.000314611, 0.0704936, 0.0092
0.00032167, 0.0711023, 0.0093
0.00032879, 0.071703, 0.0094
0.00033597, 0.0722955, 0.0095
0.000343209, 0.0728799, 0.0096
0.000350507, 0.0734561, 0.0097
0.000357862, 0.074024, 0.0098
0.000365273, 0.0745836, 0.0099
0.000372741, 0.0751348, 0.01
0.000380263, 0.0756775, 0.0101
0.000387839, 0.0762118, 0.0102
0.000395469, 0.0767375, 0.0103
0.000403151, 0.0772546, 0.0104
0.000410885, 0.077763, 0.0105
0.00041867, 0.0782628, 0.0106
0.000426504, 0.0787538, 0.0107
0.000434387, 0.079236, 0.0108
0.000442318, 0.0797093, 0.0109
0.000450297, 0.0801738, 0.011
0.000458322, 0.0806293, 0.0111
0.000466392, 0.0810759, 0.0112
0.000474506, 0.0815134, 0.0113
0.000482665, 0.0819418, 0.0114
0.000490866, 0.0823612, 0.0115
0.000499108, 0.0827714, 0.0116
0.000507392, 0.0831723, 0.0117
0.000515716, 0.0835641, 0.0118
0.000524078, 0.0839466, 0.0119
0.000532479, 0.0843198, 0.012
0.000540917, 0.0846836, 0.0121
0.000549391, 0.0850381, 0.0122
0.0005579, 0.0853831, 0.0123
0.000566444, 0.0857187, 0.0124
0.000575021, 0.0860448, 0.0125
0.00058363, 0.0863614, 0.0126
0.000592271, 0.0866684, 0.0127
0.000600943, 0.0869659, 0.0128
0.000609644, 0.0872538, 0.0129
0.000618374, 0.0875321, 0.013
0.000627131, 0.0878006, 0.0131
0.000635916, 0.0880596, 0.0132
0.000644725, 0.0883088, 0.0133
0.00065356, 0.0885482, 0.0134
0.000662418, 0.0887779, 0.0135
0.0006713, 0.0889979, 0.0136
0.000680203, 0.089208, 0.0137
0.000689127, 0.0894083, 0.0138
0.00069807, 0.0895988, 0.0139
0.000707033, 0.0897795, 0.014
0.000716014, 0.0899502, 0.0141
0.000725011, 0.0901111, 0.0142
0.000734024, 0.090262, 0.0143
0.000743053, 0.0904031, 0.0144
0.000752095, 0.0905342, 0.0145
0.00076115, 0.0906554, 0.0146
0.000770217, 0.0907666, 0.0147
0.000779295, 0.0908678, 0.0148
0.000788384, 0.0909591, 0.0149
0.000797481, 0.0910404, 0.015
0.000806586, 0.0911117, 0.0151
0.000815697, 0.091173, 0.0152
0.000824815, 0.0912243, 0.0153
0.000833938, 0.0912656, 0.0154
0.000843065, 0.0912969, 0.0155
0.000852195, 0.0913182, 0.0156
0.000861327, 0.0913295, 0.0157
0.000870459, 0.0913308, 0.0158
0.000879592, 0.091322, 0.0159
0.000888724, 0.0913032, 0.016
0.000897853, 0.0912745, 0.0161
0.00090698, 0.0912357, 0.0162
0.000916102, 0.0911869, 0.0163
0.00092522, 0.0911282, 0.0164
0.000934331, 0.0910594, 0.0165
0.000943436, 0.0909807, 0.0166
0.000952532, 0.090892, 0.0167
0.000961619, 0.0907933, 0.0168
0.000970696, 0.0906847, 0.0169
0.000979763, 0.0905662, 0.017
0.000988817, 0.0904377, 0.0171
0.000997858, 0.0902993, 0.0172
0.00100689, 0.090151, 0.0173
0.0010159, 0.0899929, 0.0174
0.00102489, 0.0898249, 0.0175
0.00103387, 0.089647, 0.0176
0.00104283, 0.0894593, 0.0177
0.00105178, 0.0892618, 0.0178
0.0010607, 0.0890545, 0.0179
0.0010696, 0.0888375, 0.018
0.00107848, 0.0886107, 0.0181
0.00108734, 0.0883742, 0.0182
0.00109617, 0.0881279, 0.0183
0.00110498, 0.0878721, 0.0184
0.00111376, 0.0876065, 0.0185
0.00112252, 0.0873314, 0.0186
0.00113125, 0.0870467, 0.0187
0.00113994, 0.0867524, 0.0188
0.00114861, 0.0864486, 0.0189
0.00115725, 0.0861353, 0.019
0.00116586, 0.0858125, 0.0191
0.00117444, 0.0854803, 0.0192
0.00118298, 0.0851387, 0.0193
0.00119149, 0.0847877, 0.0194
0.00119996, 0.0844274, 0.0195
0.0012084, 0.0840579, 0.0196
0.0012168, 0.083679, 0.0197
0.00122516, 0.083291, 0.0198
0.00123348, 0.0828938, 0.0199
0.00124176, 0.0824874, 0.02
0.00125, 0.082072, 0.0201
0.0012582, 0.0816475, 0.0202
0.00126636, 0.081214, 0.0203
0.00127447, 0.0807716, 0.0204
0.00128254, 0.0803202, 0.0205
0.00129057, 0.07986, 0.0206
0.00129854, 0.0793909, 0.0207
0.00130648, 0.0789131, 0.0208
0.00131436, 0.0784265, 0.0209
0.00132219, 0.0779313, 0.021
0.00132998, 0.0774274, 0.0211
0.00133771, 0.076915, 0.0212
0.00134539, 0.076394, 0.0213
0.00135302, 0.0758646, 0.0214
0.0013606, 0.0753267, 0.0215
0.00136812, 0.0747805, 0.0216
0.00137559, 0.074226, 0.0217
0.00138301, 0.0736632, 0.0218
0.00139036, 0.0730922, 0.0219
0.00139766, 0.0725132, 0.022
0.0014049, 0.071926, 0.0221
0.00141209, 0.0713308, 0.0222
0.00141921, 0.0707276, 0.0223
0.00142627, 0.0701166, 0.0224
0.00143327, 0.0694977, 0.0225
0.00144021, 0.0688711, 0.0226
0.00144709, 0.0682367, 0.0227
0.0014539, 0.0675947, 0.0228
0.00146065, 0.0669451, 0.0229
0.00146733, 0.066288, 0.023
0.00147395, 0.0656235, 0.0231
0.0014805, 0.0649516, 0.0232
0.00148698, 0.0642724, 0.0233
0.0014934, 0.0635859, 0.0234
0.00149975, 0.0628923, 0.0235
0.00150602, 0.0621915, 0.0236
0.00151223, 0.0614838, 0.0237
0.00151837, 0.060769, 0.0238
0.00152443, 0.0600474, 0.0239
0.00153042, 0.059319, 0.024
0.00153634, 0.0585838, 0.0241
0.00154219, 0.057842, 0.0242
0.00154796, 0.0570935, 0.0243
0.00155366, 0.0563386, 0.0244
0.00155928, 0.0555772, 0.0245
0.00156482, 0.0548094, 0.0246
0.00157029, 0.0540354, 0.0247
0.00157568, 0.0532552, 0.0248
0.00158099, 0.0524688, 0.0249
0.00158623, 0.0516764, 0.025
0.00159138, 0.050878, 0.0251
0.00159646, 0.0500737, 0.0252
0.00160145, 0.0492637, 0.0253
0.00160636, 0.0484479, 0.0254
0.00161119, 0.0476264, 0.0255
0.00161594, 0.0467994, 0.0256
0.00162061, 0.0459669, 0.0257
0.00162519, 0.0451291, 0.0258
0.00162969, 0.0442859, 0.0259
0.0016341, 0.0434375, 0.026
0.00163843, 0.0425839, 0.0261
0.00164268, 0.0417254, 0.0262
0.00164683, 0.0408618, 0.0263
0.00165091, 0.0399934, 0.0264
0.00165489, 0.0391202, 0.0265
0.00165879, 0.0382423, 0.0266
0.0016626, 0.0373597, 0.0267
0.00166632, 0.0364727, 0.0268
0.00166995, 0.0355812, 0.0269
0.00167349, 0.0346854, 0.027
0.00167695, 0.0337853, 0.0271
0.00168031, 0.032881, 0.0272
0.00168358, 0.0319727, 0.0273
0.00168676, 0.0310604, 0.0274
0.00168985, 0.0301443, 0.0275
0.00169285, 0.0292243, 0.0276
0.00169576, 0.0283006, 0.0277
0.00169858, 0.0273733, 0.0278
0.0017013, 0.0264425, 0.0279
0.00170393, 0.0255083, 0.028
0.00170646, 0.0245707, 0.0281
0.0017089, 0.02363, 0.0282
0.00171125, 0.022686, 0.0283
0.0017135, 0.0217391, 0.0284
0.00171566, 0.0207891, 0.0285
0.00171772, 0.0198364, 0.0286
0.00171969, 0.0188809, 0.0287
0.00172156, 0.0179227, 0.0288
0.00172334, 0.0169619, 0.0289
0.00172502, 0.0159987, 0.029
0.0017266, 0.0150331, 0.0291
0.00172809, 0.0140653, 0.0292
0.00172948, 0.0130953, 0.0293
0.00173077, 0.0121232, 0.0294
0.00173197, 0.0111491, 0.0295
0.00173307, 0.0101731, 0.0296
0.00173407, 0.0091954, 0.0297
0.00173497, 0.00821598, 0.0298
0.00173578, 0.00723497, 0.0299
0.00173648, 0.00625248, 0.03
0.00173709, 0.0052686, 0.0301
0.0017376, 0.00428344, 0.0302
0.00173801, 0.00329708, 0.0303
0.00173833, 0.00230964, 0.0304
0.00173854, 0.00132121, 0.0305
0.00173866, 0.00033189, 0.0306
0.00173867, -0.000658221, 0.0307
0.00173859, -0.00164902, 0.0308
0.00173841, -0.00264041, 0.0309
0.00173813, -0.00363229, 0.031
0.00173775, -0.00462456, 0.0311
0.00173727, -0.00561713, 0.0312
0.00173669, -0.00660988, 0.0313
0.00173601, -0.00760272, 0.0314
0.00173524, -0.00859555, 0.0315
0.00173436, -0.00958828, 0.0316
0.00173339, -0.0105808, 0.0317
0.00173231, -0.011573, 0.0318
0.00173114, -0.0125648, 0.0319
0.00172986, -0.0135561, 0.032
0.00172849, -0.0145467, 0.0321
0.00172702, -0.0155367, 0.0322
0.00172545, -0.0165259, 0.0323
0.00172378, -0.0175141, 0.0324
0.00172201, -0.0185013, 0.0325
0.00172015, -0.0194875, 0.0326
0.00171818, -0.0204724, 0.0327
0.00171612, -0.021456, 0.0328
0.00171396, -0.0224382, 0.0329
0.0017117, -0.0234189, 0.033
0.00170934, -0.024398, 0.0331
0.00170688, -0.0253754, 0.0332
0.00170433, -0.026351, 0.0333
0.00170168, -0.0273247, 0.0334
0.00169893, -0.0282964, 0.0335
0.00169608, -0.0292661, 0.0336
0.00169314, -0.0302335, 0.0337
0.0016901, -0.0311986, 0.0338
0.00168696, -0.0321613, 0.0339
0.00168373, -0.0331216, 0.034
0.0016804, -0.0340793, 0.0341
0.00167698, -0.0350343, 0.0342
0.00167346, -0.0359865, 0.0343
0.00166985, -0.0369358, 0.0344
0.00166614, -0.0378822, 0.0345
0.00166233, -0.0388256, 0.0346
0.00165843, -0.0397657, 0.0347
0.00165444, -0.0407026, 0.0348
0.00165036, -0.0416362, 0.0349
0.00164618, -0.0425664, 0.035
0.00164191, -0.043493, 0.0351
0.00163754, -0.0444159, 0.0352
0.00163308, -0.0453352, 0.0353
0.00162854, -0.0462506, 0.0354
0.0016239, -0.0471622, 0.0355
0.00161916, -0.0480697, 0.0356
0.00161434, -0.0489732, 0.0357
0.00160943, -0.0498725, 0.0358
0.00160443, -0.0507675, 0.0359
0.00159934, -0.0516581, 0.036
0.00159416, -0.0525443, 0.0361
0.00158889, -0.053426, 0.0362
0.00158353, -0.054303, 0.0363
0.00157808, -0.0551753, 0.0364
0.00157255, -0.0560429, 0.0365
0.00156693, -0.0569055, 0.0366
0.00156123, -0.0577631, 0.0367
0.00155544, -0.0586157, 0.0368
0.00154956, -0.0594631, 0.0369
0.0015436, -0.0603053, 0.037
0.00153756, -0.0611422, 0.0371
0.00153143, -0.0619737, 0.0372
0.00152522, -0.0627996, 0.0373
0.00151893, -0.0636201, 0.0374
0.00151255, -0.0644348, 0.0375
0.00150609, -0.0652438, 0.0376
0.00149956, -0.066047, 0.0377
0.00149294, -0.0668443, 0.0378
0.00148624, -0.0676356, 0.0379
0.00147946, -0.0684208, 0.038
0.00147261, -0.0692, 0.0381
0.00146568, -0.0699728, 0.0382
0.00145867, -0.0707394, 0.0383
0.00145158, -0.0714997, 0.0384
0.00144442, -0.0722534, 0.0385
0.00143718, -0.0730007, 0.0386
0.00142987, -0.0737413, 0.0387
0.00142248, -0.0744753, 0.0388
0.00141502, -0.0752025, 0.0389
0.00140749, -0.0759229, 0.039
0.00139989, -0.0766364, 0.0391
0.00139221, -0.0773429, 0.0392
0.00138446, -0.0780424, 0.0393
0.00137665, -0.0787347, 0.0394
0.00136876, -0.0794199, 0.0395
0.00136081, -0.0800979, 0.0396
0.00135279, -0.0807685, 0.0397
0.0013447, -0.0814317, 0.0398
0.00133655, -0.0820875, 0.0399
0.00132833, -0.0827358, 0.04
0.00132005, -0.0833764, 0.0401
0.0013117, -0.0840095, 0.0402
0.00130329, -0.0846348, 0.0403
0.00129481, -0.0852523, 0.0404
0.00128628, -0.085862, 0.0405
0.00127768, -0.0864638, 0.0406
0.00126902, -0.0870576, 0.0407
0.00126031, -0.0876434, 0.0408
0.00125154, -0.0882211, 0.0409
0.0012427, -0.0887907, 0.041
0.00123382, -0.0893521, 0.0411
0.00122487, -0.0899052, 0.0412
0.00121587, -0.0904501, 0.0413
0.00120682, -0.0909865, 0.0414
0.00119771, -0.0915146, 0.0415
0.00118855, -0.0920341, 0.0416
0.00117934, -0.0925452, 0.0417
0.00117008, -0.0930476, 0.0418
0.00116076, -0.0935414, 0.0419
0.0011514, -0.0940266, 0.042
0.00114199, -0.094503, 0.0421
0.00113253, -0.0949707, 0.0422
0.00112303, -0.0954295, 0.0423
0.00111348, -0.0958794, 0.0424
0.00110388, -0.0963205, 0.0425
0.00109424, -0.0967525, 0.0426
0.00108456, -0.0971756, 0.0427
0.00107484, -0.0975896, 0.0428
0.00106507, -0.0979945, 0.0429
0.00105527, -0.0983903, 0.043
0.00104542, -0.098777, 0.0431
0.00103554, -0.0991544, 0.0432
0.00102562, -0.0995225, 0.0433
0.00101566, -0.0998814, 0.0434
0.00100566, -0.100231, 0.0435
0.000995636, -0.100571, 0.0436
0.000985574, -0.100902, 0.0437
0.000975479, -0.101223, 0.0438
0.000965351, -0.101535, 0.0439
0.000955193, -0.101838, 0.044
0.000945005, -0.102131, 0.0441
0.000934787, -0.102414, 0.0442
0.000924541, -0.102688, 0.0443
0.000914268, -0.102952, 0.0444
0.000903969, -0.103206, 0.0445
0.000893645, -0.103451, 0.0446
0.000883296, -0.103686, 0.0447
0.000872924, -0.103912, 0.0448
0.000862529, -0.104128, 0.0449
0.000852113, -0.104334, 0.045
0.000841677, -0.10453, 0.0451
0.000831221, -0.104716, 0.0452
0.000820747, -0.104893, 0.0453
0.000810255, -0.105059, 0.0454
0.000799746, -0.105216, 0.0455
0.000789223, -0.105363, 0.0456
0.000778684, -0.1055, 0.0457
0.000768132, -0.105628, 0.0458
0.000757568, -0.105745, 0.0459
0.000746992, -0.105852, 0.046
0.000736405, -0.10595, 0.0461
0.000725809, -0.106037, 0.0462
0.000715204, -0.106115, 0.0463
0.000704592, -0.106182, 0.0464
0.000693973, -0.10624, 0.0465
0.000683348, -0.106288, 0.0466
0.000672719, -0.106325, 0.0467
0.000662087, -0.106353, 0.0468
0.000651451, -0.10637, 0.0469
0.000640814, -0.106378, 0.047
0.000630177, -0.106376, 0.0471
0.00061954, -0.106363, 0.0472
0.000608904, -0.106341, 0.0473
0.000598271, -0.106309, 0.0474
0.000587641, -0.106266, 0.0475
0.000577015, -0.106214, 0.0476
0.000566395, -0.106152, 0.0477
0.000555781, -0.10608, 0.0478
0.000545175, -0.105997, 0.0479
0.000534577, -0.105905, 0.048
0.000523989, -0.105803, 0.0481
0.00051341, -0.105691, 0.0482
0.000502844, -0.105569, 0.0483
0.000492289, -0.105437, 0.0484
0.000481748, -0.105295, 0.0485
0.000471221, -0.105143, 0.0486
0.00046071, -0.104982, 0.0487
0.000450215, -0.10481, 0.0488
0.000439737, -0.104629, 0.0489
0.000429278, -0.104437, 0.049
0.000418838, -0.104236, 0.0491
0.000408418, -0.104025, 0.0492
0.000398019, -0.103805, 0.0493
0.000387643, -0.103575, 0.0494
0.00037729, -0.103334, 0.0495
0.000366961, -0.103085, 0.0496
0.000356657, -0.102825, 0.0497
0.000346379, -0.102556, 0.0498
0.000336128, -0.102277, 0.0499
0.000325906, -0.101989, 0.05
0.000315712, -0.101691, 0.0501
0.000305548, -0.101383, 0.0502
0.000295415, -0.101066, 0.0503
0.000285314, -0.10074, 0.0504
0.000275246, -0.100404, 0.0505
0.000265212, -0.100059, 0.0506
0.000255212, -0.0997038, 0.0507
0.000245248, -0.0993396, 0.0508
0.000235321, -0.0989662, 0.0509
0.000225431, -0.0985835, 0.051
0.000215579, -0.0981915, 0.0511
0.000205767, -0.0977903, 0.0512
0.000195995, -0.09738, 0.0513
0.000186264, -0.0969606, 0.0514
0.000176576, -0.096532, 0.0515
0.00016693, -0.0960944, 0.0516
0.000157328, -0.0956479, 0.0517
0.000147771, -0.0951923, 0.0518
0.00013826, -0.0947279, 0.0519
0.000128795, -0.0942546, 0.052
0.000119378, -0.0937725, 0.0521
0.000110009, -0.0932816, 0.0522
0.00010069, -0.092782, 0.0523
9.14204e-05, -0.0922737, 0.0524
8.22019e-05, -0.0917568, 0.0525
7.30352e-05, -0.0912313, 0.0526
6.39212e-05, -0.0906974, 0.0527
5.48607e-05, -0.0901549, 0.0528
4.58547e-05, -0.0896041, 0.0529
3.69038e-05, -0.0890448, 0.053
2.80091e-05, -0.0884773, 0.0531
1.91712e-05, -0.0879016, 0.0532
1.0391e-05, -0.0873176, 0.0533
1.66932e-06, -0.0867255, 0.0534
-6.99299e-06, -0.0861254, 0.0535
-1.55952e-05, -0.0855172, 0.0536
-2.41364e-05, -0.0849011, 0.0537
-3.26159e-05, -0.0842771, 0.0538
-4.10328e-05, -0.0836453, 0.0539
-4.93864e-05, -0.0830057, 0.054
-5.7676e-05, -0.0823584, 0.0541
-6.59007e-05, -0.0817034, 0.0542
-7.40597e-05, -0.0810409, 0.0543
-8.21524e-05, -0.0803709, 0.0544
-9.0178e-05, -0.0796934, 0.0545
-9.81357e-05, -0.0790086, 0.0546
-0.000106025, -0.0783164, 0.0547
-0.000113845, -0.077617, 0.0548
-0.000121594, -0.0769105, 0.0549
-0.000129273, -0.0761968, 0.055
-0.000136881, -0.0754761, 0.0551
-0.000144416, -0.0747485, 0.0552
-0.000151878, -0.074014, 0.0553
-0.000159267, -0.0732726, 0.0554
-0.000166582, -0.0725246, 0.0555
-0.000173821, -0.0717698, 0.0556
-0.000180986, -0.0710085, 0.0557
-0.000188073, -0.0702407, 0.0558
-0.000195084, -0.0694664, 0.0559
-0.000202018, -0.0686857, 0.056
-0.000208873, -0.0678988, 0.0561
-0.000215649, -0.0671057, 0.0562
-0.000222346, -0.0663064, 0.0563
-0.000228964, -0.0655011, 0.0564
-0.0002355, -0.0646899, 0.0565
-0.000241955, -0.0638727, 0.0566
-0.000248328, -0.0630497, 0.0567
-0.000254619, -0.0622211, 0.0568
-0.000260827, -0.0613867, 0.0569
-0.000266952, -0.0605468, 0.057
-0.000272992, -0.0597015, 0.0571
-0.000278948, -0.0588507, 0.0572
-0.000284819, -0.0579947, 0.0573
-0.000290604, -0.0571334, 0.0574
-0.000296302, -0.056267, 0.0575
-0.000301914, -0.0553955, 0.0576
-0.000307439, -0.0545191, 0.0577
-0.000312876, -0.0536378, 0.0578
-0.000318225, -0.0527517, 0.0579
-0.000323485, -0.0518609, 0.058
-0.000328656, -0.0509655, 0.0581
-0.000333738, -0.0500655, 0.0582
-0.000338729, -0.0491612, 0.0583
-0.00034363, -0.0482525, 0.0584
-0.00034844, -0.0473395, 0.0585
-0.000353158, -0.0464224, 0.0586
-0.000357785, -0.0455012, 0.0587
-0.000362319, -0.044576, 0.0588
-0.000366761, -0.0436469, 0.0589
-0.00037111, -0.0427141, 0.059
-0.000375366, -0.0417775, 0.0591
-0.000379528, -0.0408373, 0.0592
-0.000383596, -0.0398936, 0.0593
-0.000387569, -0.0389465, 0.0594
-0.000391448, -0.0379961, 0.0595
-0.000395231, -0.0370424, 0.0596
-0.00039892, -0.0360856, 0.0597
-0.000402512, -0.0351257, 0.0598
-0.000406008, -0.0341629, 0.0599
-0.000409408, -0.0331972, 0.06
-0.000412712, -0.0322288, 0.0601
-0.000415919, -0.0312577, 0.0602
-0.000419028, -0.0302841, 0.0603
-0.00042204, -0.0293079, 0.0604
-0.000424954, -0.0283294, 0.0605
-0.000427771, -0.0273487, 0.0606
-0.000430489, -0.0263657, 0.0607
-0.000433109, -0.0253807, 0.0608
-0.000435631, -0.0243937, 0.0609
-0.000438054, -0.0234048, 0.061
-0.000440377, -0.0224142, 0.0611
-0.000442602, -0.0214218, 0.0612
-0.000444728, -0.0204279, 0.0613
-0.000446754, -0.0194325, 0.0614
-0.00044868, -0.0184357, 0.0615
-0.000450507, -0.0174376, 0.0616
-0.000452234, -0.0164383, 0.0617
-0.000453861, -0.0154379, 0.0618
-0.000455388, -0.0144365, 0.0619
-0.000456815, -0.0134342, 0.062
-0.000458142, -0.0124312, 0.0621
-0.000459368, -0.0114274, 0.0622
-0.000460494, -0.0104231, 0.0623
-0.00046152, -0.00941822, 0.0624
-0.000462445, -0.00841299, 0.0625
-0.000463269, -0.00740746, 0.0626
-0.000463993, -0.00640174, 0.0627
-0.000464616, -0.00539593, 0.0628
-0.000465139, -0.00439012, 0.0629
-0.000465561, -0.00338442, 0.063
-0.000465883, -0.00237893, 0.0631
-0.000466104, -0.00137375, 0.0632
-0.000466225, -0.000368968, 0.0633
-0.000466245, 0.000635303, 0.0634
-0.000466164, 0.00163897, 0.0635
-0.000465984, 0.00264193, 0.0636
-0.000465703, 0.00364408, 0.0637
-0.000465322, 0.00464532, 0.0638
-0.00046484, 0.00564556, 0.0639
-0.000464259, 0.0066447, 0.064
-0.000463578, 0.00764263, 0.0641
-0.000462797, 0.00863926, 0.0642
-0.000461917, 0.00963448, 0.0643
-0.000460937, 0.0106282, 0.0644
-0.000459857, 0.0116203, 0.0645
-0.000458679, 0.0126107, 0.0646
-0.000457401, 0.0135994, 0.0647
-0.000456025, 0.0145861, 0.0648
-0.00045455, 0.0155708, 0.0649
-0.000452976, 0.0165535, 0.065
-0.000451305, 0.0175339, 0.0651
-0.000449535, 0.0185121, 0.0652
-0.000447667, 0.0194879, 0.0653
-0.000445702, 0.0204612, 0.0654
-0.00044364, 0.0214319, 0.0655
-0.000441481, 0.0223999, 0.0656
-0.000439225, 0.0233652, 0.0657
-0.000436872, 0.0243276, 0.0658
-0.000434423, 0.0252871, 0.0659
-0.000431879, 0.0262435, 0.066
-0.000429239, 0.0271967, 0.0661
-0.000426503, 0.0281467, 0.0662
-0.000423673, 0.0290933, 0.0663
-0.000420748, 0.0300365, 0.0664
-0.000417728, 0.0309762, 0.0665
-0.000414615, 0.0319122, 0.0666
-0.000411409, 0.0328446, 0.0667
-0.000408109, 0.0337731, 0.0668
-0.000404716, 0.0346977, 0.0669
-0.000401231, 0.0356183, 0.067
-0.000397654, 0.0365349, 0.0671
-0.000393985, 0.0374473, 0.0672
-0.000390225, 0.0383554, 0.0673
-0.000386375, 0.0392591, 0.0674
-0.000382434, 0.0401584, 0.0675
-0.000378403, 0.0410531, 0.0676
-0.000374283, 0.0419433, 0.0677
-0.000370074, 0.0428287, 0.0678
-0.000365777, 0.0437093, 0.0679
-0.000361391, 0.044585, 0.068
-0.000356918, 0.0454558, 0.0681
-0.000352358, 0.0463214, 0.0682
-0.000347712, 0.047182, 0.0683
-0.00034298, 0.0480373, 0.0684
-0.000338162, 0.0488872, 0.0685
-0.000333259, 0.0497318, 0.0686
-0.000328272, 0.0505709, 0.0687
-0.000323201, 0.0514044, 0.0688
-0.000318047, 0.0522323, 0.0689
-0.00031281, 0.0530544, 0.069
-0.000307491, 0.0538707, 0.0691
-0.000302091, 0.0546811, 0.0692
-0.000296609, 0.0554855, 0.0693
-0.000291048, 0.0562839, 0.0694
-0.000285406, 0.0570761, 0.0695
-0.000279686, 0.0578621, 0.0696
-0.000273886, 0.0586418, 0.0697
-0.000268009, 0.0594151, 0.0698
-0.000262055, 0.060182, 0.0699
-0.000256025, 0.0609424, 0.07
-0.000249918, 0.0616961, 0.0701
-0.000243736, 0.0624432, 0.0702
-0.000237479, 0.0631835, 0.0703
-0.000231149, 0.063917, 0.0704
-0.000224745, 0.0646436, 0.0705
-0.000218269, 0.0653633, 0.0706
-0.000211721, 0.0660759, 0.0707
-0.000205102, 0.0667813, 0.0708
-0.000198412, 0.0674796, 0.0709
-0.000191653, 0.0681707, 0.071
-0.000184825, 0.0688544, 0.0711
-0.000177928, 0.0695307, 0.0712
-0.000170964, 0.0701996, 0.0713
-0.000163933, 0.070861, 0.0714
-0.000156836, 0.0715147, 0.0715
-0.000149674, 0.0721609, 0.0716
-0.000142448, 0.0727993, 0.0717
-0.000135157, 0.0734299, 0.0718
-0.000127804, 0.0740527, 0.0719
-0.000120389, 0.0746676, 0.072
-0.000112912, 0.0752745, 0.0721
-0.000105375, 0.0758734, 0.0722
-9.77777e-05, 0.0764642, 0.0723
-9.01218e-05, 0.0770468, 0.0724
-8.24077e-05, 0.0776213, 0.0725
-7.46363e-05, 0.0781875, 0.0726
-6.68084e-05, 0.0787454, 0.0727
-5.89249e-05, 0.0792949, 0.0728
-5.09866e-05, 0.079836, 0.0729
-4.29943e-05, 0.0803686, 0.073
-3.49489e-05, 0.0808927, 0.0731
-2.68512e-05, 0.0814082, 0.0732
-1.87021e-05, 0.0819151, 0.0733
-1.05025e-05, 0.0824133, 0.0734
-2.2532e-06, 0.0829028, 0.0735
6.04489e-06, 0.0833834, 0.0736
1.43909e-05, 0.0838553, 0.0737
2.2784e-05, 0.0843183, 0.0738
3.12231e-05, 0.0847723, 0.0739
3.97076e-05, 0.0852174, 0.074
4.82364e-05, 0.0856535, 0.0741
5.68087e-05, 0.0860805, 0.0742
6.54235e-05, 0.0864985, 0.0743
7.40799e-05, 0.0869073, 0.0744
8.27771e-05, 0.0873069, 0.0745
9.15141e-05, 0.0876973, 0.0746
0.00010029, 0.0880784, 0.0747
0.000109104, 0.0884503, 0.0748
0.000117955, 0.0888128, 0.0749
0.000126842, 0.089166, 0.075
0.000135764, 0.0895098, 0.0751
0.00014472, 0.0898441, 0.0752
0.00015371, 0.090169, 0.0753
0.000162732, 0.0904843, 0.0754
0.000171785, 0.0907902, 0.0755
0.000180869, 0.0910864, 0.0756
0.000189982, 0.0913731, 0.0757
0.000199124, 0.0916502, 0.0758
0.000208293, 0.0919176, 0.0759
0.000217489, 0.0921754, 0.076
0.00022671, 0.0924234, 0.0761
0.000235956, 0.0926618, 0.0762
0.000245226, 0.0928904, 0.0763
0.000254518, 0.0931092, 0.0764
0.000263832, 0.0933182, 0.0765
0.000273167, 0.0935175, 0.0766
0.000282522, 0.0937069, 0.0767
0.000291896, 0.0938865, 0.0768
0.000301287, 0.0940562, 0.0769
0.000310695, 0.094216, 0.077
0.000320119, 0.0943659, 0.0771
0.000329557, 0.0945059, 0.0772
0.00033901, 0.094636, 0.0773
0.000348475, 0.0947562, 0.0774
0.000357952, 0.0948664, 0.0775
0.00036744, 0.0949666, 0.0776
0.000376938, 0.0950569, 0.0777
0.000386445, 0.0951372, 0.0778
0.00039596, 0.0952076, 0.0779
0.000405481, 0.0952679, 0.078
0.000415009, 0.0953182, 0.0781
0.000424541, 0.0953586, 0.0782
0.000434077, 0.0953889, 0.0783
0.000443616, 0.0954092, 0.0784
0.000453157, 0.0954196, 0.0785
0.000462699, 0.0954199, 0.0786
0.00047224, 0.0954102, 0.0787
0.000481781, 0.0953905, 0.0788
0.000491319, 0.0953608, 0.0789
0.000500854, 0.0953211, 0.079
0.000510385, 0.0952714, 0.0791
0.000519911, 0.0952117, 0.0792
0.000529431, 0.095142, 0.0793
0.000538943, 0.0950624, 0.0794
0.000548448, 0.0949728, 0.0795
0.000557943, 0.0948732, 0.0796
0.000567428, 0.0947637, 0.0797
0.000576903, 0.0946442, 0.0798
0.000586365, 0.0945148, 0.0799
0.000595813, 0.0943755, 0.08
0.000605248, 0.0942263, 0.0801
0.000614668, 0.0940672, 0.0802
0.000624072, 0.0938983, 0.0803
0.000633458, 0.0937195, 0.0804
0.000642827, 0.0935309, 0.0805
0.000652176, 0.0933325, 0.0806
0.000661506, 0.0931242, 0.0807
0.000670814, 0.0929062, 0.0808
0.000680101, 0.0926785, 0.0809
0.000689365, 0.0924411, 0.081
0.000698604, 0.0921939, 0.0811
0.000707819, 0.0919371, 0.0812
0.000717008, 0.0916706, 0.0813
0.00072617, 0.0913945, 0.0814
0.000735305, 0.0911088, 0.0815
0.00074441, 0.0908136, 0.0816
0.000753487, 0.0905088, 0.0817
0.000762532, 0.0901945, 0.0818
0.000771546, 0.0898707, 0.0819
0.000780527, 0.0895375, 0.082
0.000789475, 0.0891949, 0.0821
0.000798388, 0.088843, 0.0822
0.000807266, 0.0884817, 0.0823
0.000816108, 0.0881111, 0.0824
0.000824912, 0.0877312, 0.0825
0.000833679, 0.0873421, 0.0826
0.000842406, 0.0869439, 0.0827
0.000851093, 0.0865365, 0.0828
0.00085974, 0.08612, 0.0829
0.000868345, 0.0856944, 0.083
0.000876906, 0.0852598, 0.0831
0.000885425, 0.0848163, 0.0832
0.000893899, 0.0843638, 0.0833
0.000902327, 0.0839025, 0.0834
0.000910709, 0.0834323, 0.0835
0.000919044, 0.0829533, 0.0836
0.000927331, 0.0824656, 0.0837
0.000935569, 0.0819692, 0.0838
0.000943757, 0.0814641, 0.0839
0.000951895, 0.0809505, 0.084
0.000959981, 0.0804283, 0.0841
0.000968015, 0.0798977, 0.0842
0.000975995, 0.0793586, 0.0843
0.000983922, 0.0788112, 0.0844
0.000991794, 0.0782554, 0.0845
0.000999609, 0.0776914, 0.0846
0.00100737, 0.0771191, 0.0847
0.00101507, 0.0765387, 0.0848
0.00102271, 0.0759502, 0.0849
0.0010303, 0.0753537, 0.085
0.00103782, 0.0747492, 0.0851
0.00104529, 0.0741368, 0.0852
0.00105269, 0.0735166, 0.0853
0.00106003, 0.0728885, 0.0854
0.00106731, 0.0722528, 0.0855
0.00107453, 0.0716093, 0.0856
0.00108168, 0.0709583, 0.0857
0.00108876, 0.0702998, 0.0858
0.00109578, 0.0696338, 0.0859
0.00110273, 0.0689604, 0.086
0.00110962, 0.0682796, 0.0861
0.00111643, 0.0675916, 0.0862
0.00112318, 0.0668965, 0.0863
0.00112986, 0.0661942, 0.0864
0.00113646, 0.0654848, 0.0865
0.001143, 0.0647685, 0.0866
0.00114946, 0.0640452, 0.0867
0.00115586, 0.0633152, 0.0868
0.00116218, 0.0625783, 0.0869
0.00116842, 0.0618348, 0.087
0.00117459, 0.0610847, 0.0871
0.00118069, 0.060328, 0.0872
0.00118671, 0.0595649, 0.0873
0.00119265, 0.0587954, 0.0874
0.00119852, 0.0580195, 0.0875
0.00120431, 0.0572375, 0.0876
0.00121002, 0.0564493, 0.0877
0.00121565, 0.055655, 0.0878
0.0012212, 0.0548548, 0.0879
0.00122667, 0.0540486, 0.088
0.00123206, 0.0532366, 0.0881
0.00123737, 0.0524189, 0.0882
0.0012426, 0.0515955, 0.0883
0.00124775, 0.0507665, 0.0884
0.00125281, 0.049932, 0.0885
0.00125779, 0.0490921, 0.0886
0.00126268, 0.0482469, 0.0887
0.00126749, 0.0473964, 0.0888
0.00127222, 0.0465408, 0.0889
0.00127686, 0.0456801, 0.089
0.00128141, 0.0448144, 0.0891
0.00128588, 0.0439438, 0.0892
0.00129026, 0.0430684, 0.0893
0.00129455, 0.0421883, 0.0894
0.00129875, 0.0413035, 0.0895
0.00130287, 0.0404142, 0.0896
0.0013069, 0.0395204, 0.0897
0.00131083, 0.0386223, 0.0898
0.00131468, 0.0377198, 0.0899
0.00131844, 0.0368132, 0.09
0.0013221, 0.0359025, 0.0901
0.00132568, 0.0349878, 0.0902
0.00132916, 0.0340692, 0.0903
0.00133255, 0.0331467, 0.0904
0.00133585, 0.0322206, 0.0905
0.00133906, 0.0312908, 0.0906
0.00134217, 0.0303574, 0.0907
0.00134519, 0.0294206, 0.0908
0.00134812, 0.0284805, 0.0909
0.00135095, 0.027537, 0.091
0.00135369, 0.0265905, 0.0911
0.00135633, 0.0256408, 0.0912
0.00135888, 0.0246882, 0.0913
0.00136133, 0.0237327, 0.0914
0.00136369, 0.0227744, 0.0915
0.00136595, 0.0218135, 0.0916
0.00136811, 0.0208499, 0.0917
0.00137018, 0.0198838, 0.0918
0.00137215, 0.0189154, 0.0919
0.00137403, 0.0179447, 0.092
0.00137581, 0.0169717, 0.0921
0.00137749, 0.0159967, 0.0922
0.00137907, 0.0150196, 0.0923
0.00138056, 0.0140406, 0.0924
0.00138195, 0.0130599, 0.0925
0.00138324, 0.0120774, 0.0926
0.00138443, 0.0110933, 0.0927
0.00138552, 0.0101077, 0.0928
0.00138651, 0.00912065, 0.0929
0.00138741, 0.00813231, 0.093
0.00138821, 0.00714276, 0.0931
0.0013889, 0.00615209, 0.0932
0.0013895, 0.0051604, 0.0933
0.00139, 0.00416779, 0.0934
0.0013904, 0.00317437, 0.0935
0.0013907, 0.00218022, 0.0936
0.0013909, 0.00118546, 0.0937
0.00139101, 0.000190181, 0.0938
0.00139101, -0.000805518, 0.0939
0.00139091, -0.00180153, 0.094
0.00139071, -0.00279777, 0.0941
0.00139042, -0.00379412, 0.0942
0.00139002, -0.0047905, 0.0943
0.00138953, -0.00578679, 0.0944
0.00138893, -0.0067829, 0.0945
0.00138824, -0.00777873, 0.0946
0.00138744, -0.00877417, 0.0947
0.00138655, -0.00976914, 0.0948
0.00138555, -0.0107635, 0.0949
0.00138446, -0.0117572, 0.095
0.00138327, -0.0127501, 0.0951
0.00138198, -0.0137422, 0.0952
0.00138059, -0.0147332, 0.0953
0.0013791, -0.0157232, 0.0954
0.00137751, -0.016712, 0.0955
0.00137582, -0.0176996, 0.0956
0.00137403, -0.0186857, 0.0957
0.00137215, -0.0196704, 0.0958
0.00137016, -0.0206535, 0.0959
0.00136808, -0.0216349, 0.096
0.0013659, -0.0226145, 0.0961
0.00136363, -0.0235923, 0.0962
0.00136125, -0.0245681, 0.0963
0.00135878, -0.0255419, 0.0964
0.00135621, -0.0265134, 0.0965
0.00135354, -0.0274827, 0.0966
0.00135077, -0.0284497, 0.0967
0.00134791, -0.0294142, 0.0968
0.00134496, -0.0303761, 0.0969
0.0013419, -0.0313354, 0.097
0.00133875, -0.032292, 0.0971
0.00133551, -0.0332457, 0.0972
0.00133217, -0.0341964, 0.0973
0.00132873, -0.0351442, 0.0974
0.0013252, -0.0360888, 0.0975
0.00132158, -0.0370301, 0.0976
0.00131786, -0.0379682, 0.0977
0.00131405, -0.0389028, 0.0978
0.00131014, -0.039834, 0.0979
0.00130614, -0.0407615, 0.098
0.00130205, -0.0416854, 0.0981
0.00129787, -0.0426054, 0.0982
0.00129359, -0.0435216, 0.0983
0.00128922, -0.0444338, 0.0984
0.00128476, -0.045342, 0.0985
0.00128022, -0.046246, 0.0986
0.00127558, -0.0471457, 0.0987
0.00127085, -0.0480411, 0.0988
0.00126603, -0.0489321, 0.0989
0.00126112, -0.0498186, 0.099
0.00125612, -0.0507005, 0.0991
0.00125104, -0.0515777, 0.0992
0.00124587, -0.0524501, 0.0993
0.00124061, -0.0533176, 0.0994
0.00123526, -0.0541802, 0.0995
0.00122983, -0.0550378, 0.0996
0.00122431, -0.0558902, 0.0997
0.00121871, -0.0567374, 0.0998
0.00121302, -0.0575793, 0.0999
0.00120725, -0.0584158, 0.1
0.00120139, -0.0592469, 0.1001
0.00119545, -0.0600724, 0.1002
0.00118943, -0.0608923, 0.1003
0.00118333, -0.0617064, 0.1004
0.00117715, -0.0625148, 0.1005
0.00117088, -0.0633173, 0.1006
0.00116454, -0.0641138, 0.1007
0.00115811, -0.0649043, 0.1008
0.00115161, -0.0656887, 0.1009
0.00114503, -0.0664668, 0.101
0.00113837, -0.0672387, 0.1011
0.00113163, -0.0680043, 0.1012
0.00112482, -0.0687634, 0.1013
0.00111793, -0.069516, 0.1014
0.00111097, -0.0702621, 0.1015
0.00110393, -0.0710014, 0.1016
0.00109682, -0.0717341, 0.1017
0.00108963, -0.0724599, 0.1018
0.00108237, -0.0731789, 0.1019
0.00107504, -0.0738909, 0.102
0.00106764, -0.0745959, 0.1021
0.00106017, -0.0752938, 0.1022
0.00105263, -0.0759845, 0.1023
0.00104502, -0.076668, 0.1024
0.00103734, -0.0773442, 0.1025
0.0010296, -0.0780131, 0.1026
0.00102178, -0.0786745, 0.1027
0.00101391, -0.0793284, 0.1028
0.00100596, -0.0799747, 0.1029
0.000997955, -0.0806134, 0.103
0.000989884, -0.0812444, 0.1031
0.000981749, -0.0818676, 0.1032
0.000973552, -0.082483, 0.1033
0.000965294, -0.0830906, 0.1034
0.000956975, -0.0836901, 0.1035
0.000948596, -0.0842817, 0.1036
0.000940159, -0.0848652, 0.1037
0.000931663, -0.0854406, 0.1038
0.000923109, -0.0860078, 0.1039
0.000914499, -0.0865668, 0.104
0.000905834, -0.0871175, 0.1041
0.000897113, -0.0876598, 0.1042
0.000888338, -0.0881937, 0.1043
0.00087951, -0.0887191, 0.1044
0.00087063, -0.0892361, 0.1045
0.000861698, -0.0897444, 0.1046
0.000852716, -0.0902442, 0.1047
0.000843683, -0.0907353, 0.1048
0.000834602, -0.0912177, 0.1049
0.000825472, -0.0916913, 0.105
0.000816296, -0.0921561, 0.1051
0.000807073, -0.092612, 0.1052
0.000797804, -0.093059, 0.1053
0.000788491, -0.0934971, 0.1054
0.000779135, -0.0939262, 0.1055
0.000769735, -0.0943463, 0.1056
0.000760294, -0.0947572, 0.1057
0.000750812, -0.0951591, 0.1058
0.000741289, -0.0955518, 0.1059
0.000731728, -0.0959353, 0.106
0.000722129, -0.0963095, 0.1061
0.000712492, -0.0966745, 0.1062
0.000702819, -0.0970301, 0.1063
0.00069311, -0.0973764, 0.1064
0.000683367, -0.0977134, 0.1065
0.00067359, -0.0980409, 0.1066
0.000663781, -0.0983589, 0.1067
0.00065394, -0.0986675, 0.1068
0.000644069, -0.0989665, 0.1069
0.000634168, -0.099256, 0.107
0.000624238, -0.0995359, 0.1071
0.00061428, -0.0998062, 0.1072
0.000604295, -0.100067, 0.1073
0.000594284, -0.100318, 0.1074
0.000584249, -0.100559, 0.1075
0.000574189, -0.100791, 0.1076
0.000564107, -0.101013, 0.1077
0.000554002, -0.101225, 0.1078
0.000543876, -0.101427, 0.1079
0.000533731, -0.10162, 0.108
0.000523566, -0.101803, 0.1081
0.000513383, -0.101976, 0.1082
0.000503183, -0.102139, 0.1083
0.000492967, -0.102292, 0.1084
0.000482735, -0.102435, 0.1085
0.00047249, -0.102569, 0.1086
0.000462231, -0.102692, 0.1087
0.00045196, -0.102806, 0.1088
0.000441678, -0.102909, 0.1089
0.000431386, -0.103003, 0.109
0.000421085, -0.103087, 0.1091
0.000410775, -0.103161, 0.1092
0.000400458, -0.103224, 0.1093
0.000390135, -0.103278, 0.1094
0.000379807, -0.103322, 0.1095
0.000369474, -0.103356, 0.1096
0.000359138, -0.10338, 0.1097
0.0003488, -0.103394, 0.1098
0.000338461, -0.103397, 0.1099
0.000328122, -0.103391, 0.11
0.000317783, -0.103375, 0.1101
0.000307446, -0.103349, 0.1102
0.000297112, -0.103313, 0.1103
0.000286782, -0.103267, 0.1104
0.000276457, -0.103211, 0.1105
0.000266137, -0.103145, 0.1106
0.000255824, -0.103068, 0.1107
0.000245519, -0.102982, 0.1108
0.000235222, -0.102886, 0.1109
0.000224936, -0.10278, 0.111
0.00021466, -0.102665, 0.1111
0.000204396, -0.102539, 0.1112
0.000194144, -0.102403, 0.1113
0.000183907, -0.102257, 0.1114
0.000173684, -0.102102, 0.1115
0.000163477, -0.101936, 0.1116
0.000153286, -0.101761, 0.1117
0.000143114, -0.101576, 0.1118
0.00013296, -0.101381, 0.1119
0.000122825, -0.101176, 0.112
0.000112711, -0.100962, 0.1121
0.000102619, -0.100737, 0.1122
9.25496e-05, -0.100503, 0.1123
8.25036e-05, -0.100259, 0.1124
7.24822e-05, -0.100006, 0.1125
6.24862e-05, -0.0997428, 0.1126
5.25167e-05, -0.0994701, 0.1127
4.25747e-05, -0.0991877, 0.1128
3.26611e-05, -0.0988957, 0.1129
2.27768e-05, -0.0985941, 0.113
1.29228e-05, -0.0982831, 0.1131
3.10011e-06, -0.0979625, 0.1132
-6.69038e-06, -0.0976324, 0.1133
-1.64477e-05, -0.097293, 0.1134
-2.61709e-05, -0.0969441, 0.1135
-3.58591e-05, -0.0965858, 0.1136
-4.55113e-05, -0.0962182, 0.1137
-5.51266e-05, -0.0958414, 0.1138
-6.4704e-05, -0.0954552, 0.1139
-7.42427e-05, -0.0950599, 0.114
-8.37417e-05, -0.0946554, 0.1141
-9.32001e-05, -0.0942417, 0.1142
-0.000102617, -0.0938189, 0.1143
-0.000111991, -0.0933871, 0.1144
-0.000121323, -0.0929463, 0.1145
-0.000130609, -0.0924964, 0.1146
-0.000139851, -0.0920377, 0.1147
-0.000149047, -0.0915701, 0.1148
-0.000158196, -0.0910936, 0.1149
-0.000167297, -0.0906084, 0.115
-0.000176349, -0.0901144, 0.1151
-0.000185352, -0.0896118, 0.1152
-0.000194304, -0.0891005, 0.1153
-0.000203205, -0.0885806, 0.1154
-0.000212054, -0.0880521, 0.1155
-0.00022085, -0.0875152, 0.1156
-0.000229593, -0.0869699, 0.1157
-0.00023828, -0.0864162, 0.1158
-0.000246912, -0.0858541, 0.1159
-0.000255488, -0.0852838, 0.116
-0.000264006, -0.0847053, 0.1161
-0.000272467, -0.0841186, 0.1162
-0.000280869, -0.0835239, 0.1163
-0.000289211, -0.0829211, 0.1164
-0.000297492, -0.0823103, 0.1165
-0.000305713, -0.0816916, 0.1166
-0.000313871, -0.0810651, 0.1167
-0.000321967, -0.0804308, 0.1168
-0.000329999, -0.0797887, 0.1169
-0.000337967, -0.079139, 0.117
-0.00034587, -0.0784817, 0.1171
-0.000353707, -0.0778168, 0.1172
-0.000361477, -0.0771445, 0.1173
-0.00036918, -0.0764648, 0.1174
-0.000376815, -0.0757778, 0.1175
-0.000384381, -0.0750835, 0.1176
-0.000391877, -0.074382, 0.1177
-0.000399303, -0.0736734, 0.1178
-0.000406658, -0.0729577, 0.1179
-0.000413942, -0.072235, 0.118
-0.000421153, -0.0715055, 0.1181
-0.000428291, -0.0707691, 0.1182
-0.000435355, -0.0700259, 0.1183
-0.000442345, -0.069276, 0.1184
-0.00044926, -0.0685195, 0.1185
-0.000456099, -0.0677565, 0.1186
-0.000462862, -0.066987, 0.1187
-0.000469547, -0.0662112, 0.1188
-0.000476155, -0.065429, 0.1189
-0.000482685, -0.0646406, 0.119
-0.000489135, -0.063846, 0.1191
-0.000495506, -0.0630454, 0.1192
-0.000501797, -0.0622387, 0.1193
-0.000508007, -0.0614262, 0.1194
-0.000514136, -0.0606078, 0.1195
-0.000520183, -0.0597837, 0.1196
-0.000526147, -0.0589538, 0.1197
-0.000532029, -0.0581184, 0.1198
-0.000537826, -0.0572775, 0.1199
-0.00054354, -0.0564312, 0.12
-0.000549168, -0.0555796, 0.1201
-0.000554712, -0.0547227, 0.1202
-0.00056017, -0.0538606, 0.1203
-0.000565541, -0.0529934, 0.1204
-0.000570826, -0.0521213, 0.1205
-0.000576023, -0.0512442, 0.1206
-0.000581133, -0.0503623, 0.1207
-0.000586154, -0.0494757, 0.1208
-0.000591086, -0.0485845, 0.1209
-0.00059593, -0.0476887, 0.121
-0.000600683, -0.0467884, 0.1211
-0.000605347, -0.0458837, 0.1212
-0.00060992, -0.0449748, 0.1213
-0.000614402, -0.0440617, 0.1214
-0.000618793, -0.0431444, 0.1215
-0.000623092, -0.0422232, 0.1216
-0.000627299, -0.041298, 0.1217
-0.000631413, -0.040369, 0.1218
-0.000635434, -0.0394363, 0.1219
-0.000639362, -0.0384999, 0.122
-0.000643196, -0.03756, 0.1221
-0.000646936, -0.0366166, 0.1222
-0.000650582, -0.0356699, 0.1223
-0.000654133, -0.0347199, 0.1224
-0.000657589, -0.0337667, 0.1225
-0.00066095, -0.0328105, 0.1226
-0.000664215, -0.0318512, 0.1227
-0.000667383, -0.0308891, 0.1228
-0.000670456, -0.0299242, 0.1229
-0.000673432, -0.0289566, 0.123
-0.000676312, -0.0279864, 0.1231
-0.000679094, -0.0270137, 0.1232
-0.000681779, -0.0260385, 0.1233
-0.000684366, -0.0250611, 0.1234
-0.000686856, -0.0240815, 0.1235
-0.000689248, -0.0230997, 0.1236
-0.000691541, -0.022116, 0.1237
-0.000693736, -0.0211303, 0.1238
-0.000695833, -0.0201428, 0.1239
-0.000697831, -0.0191536, 0.124
-0.000699729, -0.0181628, 0.1241
-0.000701529, -0.0171704, 0.1242
-0.000703229, -0.0161766, 0.1243
-0.00070483, -0.0151815, 0.1244
-0.000706332, -0.0141852, 0.1245
-0.000707734, -0.0131878, 0.1246
-0.000709036, -0.0121893, 0.1247
-0.000710238, -0.0111899, 0.1248
-0.00071134, -0.0101896, 0.1249
-0.000712342, -0.00918868, 0.125
-0.000713244, -0.00818709, 0.1251
-0.000714046, -0.00718498, 0.1252
-0.000714748, -0.00618244, 0.1253
-0.000715349, -0.00517957, 0.1254
-0.000715851, -0.00417647, 0.1255
-0.000716252, -0.00317325, 0.1256
-0.000716552, -0.00217, 0.1257
-0.000716752, -0.00116682, 0.1258
-0.000716852, -0.000163815, 0.1259
-0.000716852, 0.000838919, 0.126
-0.000716751, 0.00184128, 0.1261
-0.00071655, 0.00284317, 0.1262
-0.000716249, 0.00384449, 0.1263
-0.000715848, 0.00484513, 0.1264
-0.000715347, 0.005845, 0.1265
-0.000714746, 0.006844, 0.1266
-0.000714045, 0.00784203, 0.1267
-0.000713244, 0.00883899, 0.1268
-0.000712343, 0.00983478, 0.1269
-0.000711343, 0.0108293, 0.127
-0.000710244, 0.0118224, 0.1271
-0.000709045, 0.0128141, 0.1272
-0.000707747, 0.0138042, 0.1273
-0.00070635, 0.0147927, 0.1274
-0.000704854, 0.0157794, 0.1275
-0.00070326, 0.0167642, 0.1276
-0.000701567, 0.0177471, 0.1277
-0.000699776, 0.0187279, 0.1278
-0.000697887, 0.0197065, 0.1279
-0.0006959, 0.0206829, 0.128
-0.000693816, 0.021657, 0.1281
-0.000691634, 0.0226286, 0.1282
-0.000689355, 0.0235976, 0.1283
-0.000686979, 0.024564, 0.1284
-0.000684506, 0.0255277, 0.1285
-0.000681938, 0.0264885, 0.1286
-0.000679273, 0.0274464, 0.1287
-0.000676512, 0.0284013, 0.1288
-0.000673656, 0.0293531, 0.1289
-0.000670705, 0.0303016, 0.129
-0.000667659, 0.0312469, 0.1291
-0.000664519, 0.0321887, 0.1292
-0.000661284, 0.033127, 0.1293
-0.000657956, 0.0340618, 0.1294
-0.000654535, 0.0349928, 0.1295
-0.00065102, 0.0359201, 0.1296
-0.000647413, 0.0368435, 0.1297
-0.000643713, 0.037763, 0.1298
-0.000639921, 0.0386784, 0.1299
-0.000636038, 0.0395896, 0.13
-0.000632064, 0.0404966, 0.1301
-0.000628, 0.0413993, 0.1302
-0.000623845, 0.0422976, 0.1303
-0.0006196, 0.0431913, 0.1304
-0.000615266, 0.0440805, 0.1305
-0.000610844, 0.044965, 0.1306
-0.000606333, 0.0458447, 0.1307
-0.000601734, 0.0467195, 0.1308
-0.000597047, 0.0475894, 0.1309
-0.000592274, 0.0484543, 0.131
-0.000587414, 0.0493141, 0.1311
-0.000582469, 0.0501686, 0.1312
-0.000577438, 0.0510179, 0.1313
-0.000572322, 0.0518617, 0.1314
-0.000567122, 0.0527002, 0.1315
-0.000561838, 0.053533, 0.1316
-0.000556471, 0.0543603, 0.1317
-0.000551022, 0.0551818, 0.1318
-0.00054549, 0.0559976, 0.1319
-0.000539877, 0.0568075, 0.132
-0.000534183, 0.0576114, 0.1321
-0.000528408, 0.0584093, 0.1322
-0.000522554, 0.0592011, 0.1323
-0.000516621, 0.0599867, 0.1324
-0.00051061, 0.060766, 0.1325
-0.00050452, 0.061539, 0.1326
-0.000498354, 0.0623055, 0.1327
-0.000492111, 0.0630656, 0.1328
-0.000485792, 0.063819, 0.1329
-0.000479398, 0.0645659, 0.133
-0.000472929, 0.065306, 0.1331
-0.000466386, 0.0660393, 0.1332
-0.00045977, 0.0667657, 0.1333
-0.000453082, 0.0674852, 0.1334
-0.000446321, 0.0681976, 0.1335
-0.00043949, 0.068903, 0.1336
-0.000432588, 0.0696012, 0.1337
-0.000425617, 0.0702922, 0.1338
-0.000418576, 0.0709759, 0.1339
-0.000411468, 0.0716523, 0.134
-0.000404291, 0.0723212, 0.1341
-0.000397048, 0.0729826, 0.1342
-0.000389739, 0.0736364, 0.1343
-0.000382365, 0.0742826, 0.1344
-0.000374926, 0.0749212, 0.1345
-0.000367424, 0.0755519, 0.1346
-0.000359858, 0.0761749, 0.1347
-0.000352231, 0.0767899, 0.1348
-0.000344542, 0.077397, 0.1349
-0.000336792, 0.0779962, 0.135
-0.000328983, 0.0785872, 0.1351
-0.000321115, 0.0791701, 0.1352
-0.000313188, 0.0797449, 0.1353
-0.000305205, 0.0803114, 0.1354
-0.000297164, 0.0808696, 0.1355
-0.000289068, 0.0814195, 0.1356
-0.000280918, 0.081961, 0.1357
-0.000272713, 0.082494, 0.1358
-0.000264455, 0.0830185, 0.1359
-0.000256145, 0.0835344, 0.136
-0.000247783, 0.0840417, 0.1361
-0.000239371, 0.0845404, 0.1362
-0.000230909, 0.0850303, 0.1363
-0.000222398, 0.0855115, 0.1364
-0.000213839, 0.0859839, 0.1365
-0.000205233, 0.0864474, 0.1366
-0.000196581, 0.086902, 0.1367
-0.000187884, 0.0873476, 0.1368
-0.000179142, 0.0877843, 0.1369
-0.000170356, 0.0882119, 0.137
-0.000161528, 0.0886305, 0.1371
-0.000152659, 0.0890399, 0.1372
-0.000143748, 0.0894402, 0.1373
-0.000134798, 0.0898312, 0.1374
-0.000125809, 0.0902131, 0.1375
-0.000116781, 0.0905856, 0.1376
-0.000107717, 0.0909488, 0.1377
-9.86164e-05, 0.0913027, 0.1378
-8.94806e-05, 0.0916472, 0.1379
-8.03105e-05, 0.0919823, 0.138
-7.11071e-05, 0.0923079, 0.1381
-6.18712e-05, 0.092624, 0.1382
-5.26039e-05, 0.0929306, 0.1383
-4.33061e-05, 0.0932277, 0.1384
-3.39788e-05, 0.0935152, 0.1385
-2.46229e-05, 0.0937931, 0.1386
-1.52393e-05, 0.0940613, 0.1387
-5.82912e-06, 0.0943199, 0.1388
3.60679e-06, 0.0945688, 0.1389
1.30674e-05, 0.094808, 0.139
2.25518e-05, 0.0950375, 0.1391
3.2059e-05, 0.0952572, 0.1392
4.1588e-05, 0.0954671, 0.1393
5.11378e-05, 0.0956672, 0.1394
6.07074e-05, 0.0958575, 0.1395
7.0296e-05, 0.096038, 0.1396
7.99024e-05, 0.0962086, 0.1397
8.95257e-05, 0.0963694, 0.1398
9.91649e-05, 0.0965202, 0.1399
0.000108819, 0.0966612, 0.14
0.000118487, 0.0967922, 0.1401
0.000128168, 0.0969133, 0.1402
0.000137861, 0.0970245, 0.1403
0.000147565, 0.0971257, 0.1404
0.000157279, 0.0972169, 0.1405
0.000167002, 0.0972982, 0.1406
0.000176732, 0.0973695, 0.1407
0.00018647, 0.0974308, 0.1408
0.000196214, 0.0974822, 0.1409
0.000205962, 0.0975235, 0.141
0.000215715, 0.0975548, 0.1411
0.000225471, 0.0975761, 0.1412
0.000235228, 0.0975875, 0.1413
0.000244987, 0.0975888, 0.1414
0.000254745, 0.0975801, 0.1415
0.000264503, 0.0975614, 0.1416
0.000274258, 0.0975327, 0.1417
0.00028401, 0.097494, 0.1418
0.000293759, 0.0974453, 0.1419
0.000303502, 0.0973866, 0.142
0.000313239, 0.0973179, 0.1421
0.000322969, 0.0972393, 0.1422
0.000332692, 0.0971507, 0.1423
0.000342405, 0.0970521, 0.1424
0.000352108, 0.0969436, 0.1425
0.0003618, 0.0968251, 0.1426
0.00037148, 0.0966967, 0.1427
0.000381147, 0.0965584, 0.1428
0.0003908, 0.0964102, 0.1429
0.000400439, 0.0962521, 0.143
0.000410061, 0.0960842, 0.1431
0.000419666, 0.0959064, 0.1432
0.000429253, 0.0957187, 0.1433
0.000438821, 0.0955213, 0.1434
0.00044837, 0.095314, 0.1435
0.000457897, 0.095097, 0.1436
0.000467403, 0.0948702, 0.1437
0.000476886, 0.0946337, 0.1438
0.000486345, 0.0943875, 0.1439
0.000495779, 0.0941316, 0.144
0.000505188, 0.0938661, 0.1441
0.000514569, 0.0935909, 0.1442
0.000523923, 0.0933062, 0.1443
0.000533249, 0.0930118, 0.1444
0.000542545, 0.0927079, 0.1445
0.00055181, 0.0923946, 0.1446
0.000561044, 0.0920717, 0.1447
0.000570245, 0.0917394, 0.1448
0.000579413, 0.0913977, 0.1449
0.000588547, 0.0910466, 0.145
0.000597645, 0.0906861, 0.1451
0.000606707, 0.0903164, 0.1452
0.000615733, 0.0899374, 0.1453
0.00062472, 0.0895491, 0.1454
0.000633668, 0.0891517, 0.1455
0.000642576, 0.0887451, 0.1456
0.000651443, 0.0883294, 0.1457
0.000660269, 0.0879046, 0.1458
0.000669052, 0.0874708, 0.1459
0.000677791, 0.087028, 0.146
0.000686486, 0.0865763, 0.1461
0.000695136, 0.0861157, 0.1462
0.000703739, 0.0856462, 0.1463
0.000712296, 0.0851679, 0.1464
0.000720804, 0.0846809, 0.1465
0.000729264, 0.0841852, 0.1466
0.000737674, 0.0836808, 0.1467
0.000746033, 0.0831679, 0.1468
0.000754341, 0.0826463, 0.1469
0.000762596, 0.0821163, 0.147
0.000770799, 0.0815778, 0.1471
0.000778947, 0.081031, 0.1472
0.000787041, 0.0804758, 0.1473
0.000795079, 0.0799123, 0.1474
0.00080306, 0.0793406, 0.1475
0.000810984, 0.0787608, 0.1476
0.00081885, 0.0781728, 0.1477
0.000826657, 0.0775768, 0.1478
0.000834405, 0.0769728, 0.1479
0.000842092, 0.0763608, 0.148
0.000849717, 0.075741, 0.1481
0.000857281, 0.0751134, 0.1482
0.000864781, 0.074478, 0.1483
0.000872218, 0.073835, 0.1484
0.00087959, 0.0731844, 0.1485
0.000886898, 0.0725262, 0.1486
0.000894139, 0.0718605, 0.1487
0.000901313, 0.0711874, 0.1488
0.000908421, 0.070507, 0.1489
0.00091546, 0.0698193, 0.149
0.00092243, 0.0691243, 0.1491
0.00092933, 0.0684223, 0.1492
0.000936161, 0.0677131, 0.1493
0.00094292, 0.066997, 0.1494
0.000949607, 0.0662739, 0.1495
0.000956222, 0.065544, 0.1496
0.000962764, 0.0648073, 0.1497
0.000969232, 0.0640639, 0.1498
0.000975626, 0.0633138, 0.1499
0.000981944, 0.0625572, 0.15
0.000988187, 0.0617941, 0.1501
0.000994354, 0.0610247, 0.1502
0.00100044, 0.0602488, 0.1503
0.00100645, 0.0594668, 0.1504
0.00101239, 0.0586785, 0.1505
0.00101824, 0.0578842, 0.1506
0.00102402, 0.0570838, 0.1507
0.00102971, 0.0562776, 0.1508
0.00103533, 0.0554654, 0.1509
0.00104086, 0.0546475, 0.151
0.00104631, 0.0538239, 0.1511
0.00105168, 0.0529947, 0.1512
0.00105696, 0.05216, 0.1513
0.00106217, 0.0513198, 0.1514
0.00106728, 0.0504743, 0.1515
0.00107232, 0.0496235, 0.1516
0.00107726, 0.0487676, 0.1517
0.00108213, 0.0479065, 0.1518
0.0010869, 0.0470404, 0.1519
0.00109159, 0.0461694, 0.152
0.00109619, 0.0452935, 0.1521
0.00110071, 0.0444129, 0.1522
0.00110513, 0.0435277, 0.1523
0.00110947, 0.0426378, 0.1524
0.00111372, 0.0417435, 0.1525
0.00111788, 0.0408448, 0.1526
0.00112195, 0.0399418, 0.1527
0.00112593, 0.0390345, 0.1528
0.00112982, 0.0381232, 0.1529
0.00113361, 0.0372078, 0.153
0.00113732, 0.0362884, 0.1531
0.00114093, 0.0353653, 0.1532
0.00114445, 0.0344383, 0.1533
0.00114788, 0.0335077, 0.1534
0.00115122, 0.0325735, 0.1535
0.00115446, 0.0316359, 0.1536
0.00115761, 0.0306949, 0.1537
0.00116066, 0.0297506, 0.1538
0.00116362, 0.028803, 0.1539
0.00116648, 0.0278524, 0.154
0.00116925, 0.0268988, 0.1541
0.00117193, 0.0259423, 0.1542
0.0011745, 0.024983, 0.1543
0.00117699, 0.0240209, 0.1544
0.00117937, 0.0230563, 0.1545
0.00118166, 0.0220891, 0.1546
0.00118385, 0.0211195, 0.1547
0.00118595, 0.0201475, 0.1548
0.00118795, 0.0191734, 0.1549
0.00118985, 0.0181971, 0.155
0.00119165, 0.0172187, 0.1551
0.00119336, 0.0162385, 0.1552
0.00119496, 0.0152564, 0.1553
0.00119647, 0.0142725, 0.1554
0.00119788, 0.013287, 0.1555
0.0011992, 0.0123, 0.1556
0.00120041, 0.0113115, 0.1557
0.00120152, 0.0103217, 0.1558
0.00120254, 0.00933059, 0.1559
0.00120346, 0.00833838, 0.156
0.00120427, 0.00734511, 0.1561
0.00120499, 0.0063509, 0.1562
0.00120561, 0.00535584, 0.1563
0.00120613, 0.00436003, 0.1564
0.00120655, 0.00336358, 0.1565
0.00120687, 0.00236657, 0.1566
0.00120709, 0.00136912, 0.1567
0.00120721, 0.000371316, 0.1568
0.00120723, -0.000626735, 0.1569
0.00120715, -0.00162493, 0.157
0.00120697, -0.00262318, 0.1571
0.00120669, -0.00362138, 0.1572
0.00120631, -0.00461942, 0.1573
0.00120583, -0.00561721, 0.1574
0.00120526, -0.00661466, 0.1575
0.00120458, -0.00761165, 0.1576
0.0012038, -0.00860808, 0.1577
0.00120292, -0.00960387, 0.1578
0.00120195, -0.0105989, 0.1579
0.00120087, -0.0115931, 0.158
0.00119969, -0.0125863, 0.1581
0.00119842, -0.0135785, 0.1582
0.00119704, -0.0145695, 0.1583
0.00119557, -0.0155593, 0.1584
0.001194, -0.0165478, 0.1585
0.00119233, -0.0175348, 0.1586
0.00119056, -0.0185202, 0.1587
0.00118869, -0.019504, 0.1588
0.00118672, -0.0204861, 0.1589
0.00118466, -0.0214663, 0.159
0.00118249, -0.0224446, 0.1591
0.00118023, -0.0234208, 0.1592
0.00117787, -0.0243949, 0.1593
0.00117542, -0.0253668, 0.1594
0.00117287, -0.0263363, 0.1595
0.00117022, -0.0273034, 0.1596
0.00116747, -0.028268, 0.1597
0.00116463, -0.02923, 0.1598
0.00116169, -0.0301892, 0.1599
0.00115865, -0.0311457, 0.16
0.00115552, -0.0320992, 0.1601
0.0011523, -0.0330497, 0.1602
0.00114898, -0.0339971, 0.1603
0.00114556, -0.0349414, 0.1604
0.00114205, -0.0358823, 0.1605
0.00113845, -0.0368198, 0.1606
0.00113475, -0.0377539, 0.1607
0.00113096, -0.0386844, 0.1608
0.00112707, -0.0396112, 0.1609
0.0011231, -0.0405343, 0.161
0.00111903, -0.0414535, 0.1611
0.00111487, -0.0423688, 0.1612
0.00111062, -0.04328, 0.1613
0.00110627, -0.0441872, 0.1614
0.00110184, -0.0450901, 0.1615
0.00109732, -0.0459887, 0.1616
0.0010927, -0.0468829, 0.1617
0.001088, -0.0477726, 0.1618
0.00108321, -0.0486577, 0.1619
0.00107833, -0.0495382, 0.162
0.00107336, -0.0504139, 0.1621
0.0010683, -0.0512848, 0.1622
0.00106316, -0.0521507, 0.1623
0.00105793, -0.0530117, 0.1624
0.00105262, -0.0538675, 0.1625
0.00104721, -0.0547181, 0.1626
0.00104173, -0.0555635, 0.1627
0.00103616, -0.0564035, 0.1628
0.0010305, -0.0572381, 0.1629
0.00102477, -0.0580671, 0.163
0.00101895, -0.0588906, 0.1631
0.00101304, -0.0597083, 0.1632
0.00100706, -0.0605203, 0.1633
0.00100099, -0.0613264, 0.1634
0.000994848, -0.0621266, 0.1635
0.000988622, -0.0629208, 0.1636
0.000982317, -0.0637089, 0.1637
0.000975933, -0.0644908, 0.1638
0.000969471, -0.0652664, 0.1639
0.000962932, -0.0660357, 0.164
0.000956316, -0.0667987, 0.1641
0.000949624, -0.0675551, 0.1642
0.000942856, -0.068305, 0.1643
0.000936013, -0.0690482, 0.1644
0.000929096, -0.0697847, 0.1645
0.000922105, -0.0705145, 0.1646
0.000915042, -0.0712374, 0.1647
0.000907907, -0.0719533, 0.1648
0.0009007, -0.0726623, 0.1649
0.000893422, -0.0733642, 0.165
0.000886074, -0.0740589, 0.1651
0.000878657, -0.0747465, 0.1652
0.000871171, -0.0754267, 0.1653
0.000863617, -0.0760997, 0.1654
0.000855996, -0.0767651, 0.1655
0.000848309, -0.0774232, 0.1656
0.000840556, -0.0780736, 0.1657
0.000832738, -0.0787165, 0.1658
0.000824856, -0.0793516, 0.1659
0.00081691, -0.0799791, 0.166
0.000808902, -0.0805987, 0.1661
0.000800832, -0.0812104, 0.1662
0.000792701, -0.0818143, 0.1663
0.00078451, -0.0824101, 0.1664
0.00077626, -0.0829979, 0.1665
0.00076795, -0.0835776, 0.1666
0.000759583, -0.0841491, 0.1667
0.000751159, -0.0847124, 0.1668
0.000742679, -0.0852674, 0.1669
0.000734143, -0.0858141, 0.167
0.000725553, -0.0863523, 0.1671
0.000716909, -0.0868822, 0.1672
0.000708212, -0.0874035, 0.1673
0.000699464, -0.0879163, 0.1674
0.000690664, -0.0884205, 0.1675
0.000681814, -0.088916, 0.1676
0.000672914, -0.0894029, 0.1677
0.000663966, -0.089881, 0.1678
0.00065497, -0.0903502, 0.1679
0.000645928, -0.0908107, 0.168
0.000636839, -0.0912622, 0.1681
0.000627706, -0.0917048, 0.1682
0.000618529, -0.0921385, 0.1683
0.000609308, -0.0925631, 0.1684
0.000600045, -0.0929786, 0.1685
0.00059074, -0.093385, 0.1686
0.000581395, -0.0937823, 0.1687
0.000572011, -0.0941704, 0.1688
0.000562588, -0.0945492, 0.1689
0.000553127, -0.0949188, 0.169
0.000543629, -0.0952791, 0.1691
0.000534096, -0.0956301, 0.1692
0.000524527, -0.0959716, 0.1693
0.000514925, -0.0963038, 0.1694
0.000505289, -0.0966265, 0.1695
0.000495622, -0.0969397, 0.1696
0.000485923, -0.0972434, 0.1697
0.000476194, -0.0975376, 0.1698
0.000466435, -0.0978222, 0.1699
0.000456649, -0.0980973, 0.17
0.000446835, -0.0983627, 0.1701
0.000436995, -0.0986184, 0.1702
0.000427129, -0.0988645, 0.1703
0.000417239, -0.0991008, 0.1704
0.000407325, -0.0993275, 0.1705
0.000397389, -0.0995444, 0.1706
0.000387431, -0.0997515, 0.1707
0.000377453, -0.0999488, 0.1708
0.000367455, -0.100136, 0.1709
0.000357439, -0.100314, 0.171
0.000347405, -0.100482, 0.1711
0.000337355, -0.10064, 0.1712
0.000327288, -0.100788, 0.1713
0.000317207, -0.100926, 0.1714
0.000307113, -0.101054, 0.1715
0.000297006, -0.101173, 0.1716
0.000286887, -0.101281, 0.1717
0.000276757, -0.10138, 0.1718
0.000266618, -0.101468, 0.1719
0.00025647, -0.101547, 0.172
0.000246315, -0.101615, 0.1721
0.000236153, -0.101674, 0.1722
0.000225985, -0.101723, 0.1723
0.000215812, -0.101761, 0.1724
0.000205636, -0.10179, 0.1725
0.000195457, -0.101808, 0.1726
0.000185276, -0.101817, 0.1727
0.000175094, -0.101816, 0.1728
0.000164913, -0.101804, 0.1729
0.000154733, -0.101783, 0.173
0.000144556, -0.101752, 0.1731
0.000134382, -0.10171, 0.1732
0.000124212, -0.101659, 0.1733
0.000114047, -0.101598, 0.1734
0.000103889, -0.101526, 0.1735
9.37377e-05, -0.101445, 0.1736
8.3595e-05, -0.101354, 0.1737
7.34616e-05, -0.101253, 0.1738
6.33385e-05, -0.101141, 0.1739
5.32266e-05, -0.10102, 0.174
4.3127e-05, -0.100889, 0.1741
3.30407e-05, -0.100748, 0.1742
2.29686e-05, -0.100597, 0.1743
1.29118e-05, -0.100437, 0.1744
2.87126e-06, -0.100266, 0.1745
-7.15209e-06, -0.100086, 0.1746
-1.71572e-05, -0.0998954, 0.1747
-2.71432e-05, -0.0996954, 0.1748
-3.7109e-05, -0.0994855, 0.1749
-4.70536e-05, -0.0992659, 0.175
-5.69761e-05, -0.0990365, 0.1751
-6.68755e-05, -0.0987973, 0.1752
-7.67508e-05, -0.0985485, 0.1753
-8.66011e-05, -0.09829, 0.1754
-9.64254e-05, -0.0980218, 0.1755
-0.000106223, -0.0977441, 0.1756
-0.000115992, -0.0974567, 0.1757
-0.000125732, -0.0971597, 0.1758
-0.000135443, -0.0968532, 0.1759
-0.000145123, -0.0965372, 0.176
-0.000154771, -0.0962117, 0.1761
-0.000164386, -0.0958768, 0.1762
-0.000173968, -0.0955324, 0.1763
-0.000183515, -0.0951787, 0.1764
-0.000193027, -0.0948156, 0.1765
-0.000202502, -0.0944433, 0.1766
-0.000211939, -0.0940616, 0.1767
-0.000221339, -0.0936707, 0.1768
-0.000230699, -0.0932706, 0.1769
-0.000240019, -0.0928614, 0.177
-0.000249298, -0.092443, 0.1771
-0.000258535, -0.0920156, 0.1772
-0.000267729, -0.0915792, 0.1773
-0.000276879, -0.0911337, 0.1774
-0.000285985, -0.0906794, 0.1775
-0.000295045, -0.0902161, 0.1776
-0.000304058, -0.089744, 0.1777
-0.000313024, -0.089263, 0.1778
-0.000321942, -0.0887734, 0.1779
-0.000330811, -0.088275, 0.178
-0.00033963, -0.0877679, 0.1781
-0.000348398, -0.0872523, 0.1782
-0.000357114, -0.0867281, 0.1783
-0.000365778, -0.0861954, 0.1784
-0.000374388, -0.0856542, 0.1785
-0.000382944, -0.0851047, 0.1786
-0.000391445, -0.0845468, 0.1787
-0.00039989, -0.0839806, 0.1788
-0.000408278, -0.0834062, 0.1789
-0.000416609, -0.0828236, 0.179
-0.000424881, -0.0822329, 0.1791
-0.000433094, -0.0816342, 0.1792
-0.000441247, -0.0810274, 0.1793
-0.000449339, -0.0804127, 0.1794
-0.00045737, -0.0797902, 0.1795
-0.000465338, -0.0791598, 0.1796
-0.000473243, -0.0785217, 0.1797
-0.000481085, -0.0778759, 0.1798
-0.000488861, -0.0772225, 0.1799
-0.000496572, -0.0765615, 0.18
-0.000504217, -0.0758931, 0.1801
-0.000511795, -0.0752172, 0.1802
-0.000519305, -0.074534, 0.1803
-0.000526746, -0.0738435, 0.1804
-0.000534119, -0.0731457, 0.1805
-0.000541422, -0.0724408, 0.1806
-0.000548654, -0.0717289, 0.1807
-0.000555814, -0.0710099, 0.1808
-0.000562903, -0.070284, 0.1809
-0.000569919, -0.0695512, 0.181
-0.000576861, -0.0688117, 0.1811
-0.00058373, -0.0680654, 0.1812
-0.000590524, -0.0673125, 0.1813
-0.000597242, -0.066553, 0.1814
-0.000603884, -0.065787, 0.1815
-0.00061045, -0.0650147, 0.1816
-0.000616938, -0.0642359, 0.1817
-0.000623349, -0.063451, 0.1818
-0.00062968, -0.0626598, 0.1819
-0.000635933, -0.0618625, 0.182
-0.000642106, -0.0610593, 0.1821
-0.000648198, -0.06025, 0.1822
-0.000654209, -0.0594349, 0.1823
-0.000660139, -0.0586141, 0.1824
-0.000665986, -0.0577875, 0.1825
-0.000671751, -0.0569553, 0.1826
-0.000677432, -0.0561176, 0.1827
-0.00068303, -0.0552744, 0.1828
-0.000688543, -0.0544259, 0.1829
-0.000693971, -0.0535721, 0.183
-0.000699314, -0.0527131, 0.1831
-0.00070457, -0.051849, 0.1832
-0.000709741, -0.0509799, 0.1833
-0.000714824, -0.0501058, 0.1834
-0.00071982, -0.0492269, 0.1835
-0.000724727, -0.0483432, 0.1836
-0.000729547, -0.0474548, 0.1837
-0.000734277, -0.0465619, 0.1838
-0.000738918, -0.0456645, 0.1839
-0.00074347, -0.0447626, 0.184
-0.000747931, -0.0438565, 0.1841
-0.000752301, -0.0429461, 0.1842
-0.00075658, -0.0420316, 0.1843
-0.000760768, -0.041113, 0.1844
-0.000764864, -0.0401905, 0.1845
-0.000768867, -0.0392641, 0.1846
-0.000772778, -0.038334, 0.1847
-0.000776595, -0.0374002, 0.1848
-0.00078032, -0.0364628, 0.1849
-0.00078395, -0.0355219, 0.185
-0.000787487, -0.0345777, 0.1851
-0.000790928, -0.0336301, 0.1852
-0.000794275, -0.0326793, 0.1853
-0.000797527, -0.0317254, 0.1854
-0.000800684, -0.0307685, 0.1855
-0.000803744, -0.0298087, 0.1856
-0.000806709, -0.0288461, 0.1857
-0.000809578, -0.0278807, 0.1858
-0.000812349, -0.0269127, 0.1859
-0.000815024, -0.0259422, 0.186
-0.000817602, -0.0249692, 0.1861
-0.000820083, -0.0239939, 0.1862
-0.000822466, -0.0230164, 0.1863
-0.000824751, -0.0220367, 0.1864
-0.000826938, -0.021055, 0.1865
-0.000829027, -0.0200713, 0.1866
-0.000831018, -0.0190857, 0.1867
-0.00083291, -0.0180984, 0.1868
-0.000834703, -0.0171095, 0.1869
-0.000836397, -0.016119, 0.187
-0.000837993, -0.015127, 0.1871
-0.000839489, -0.0141337, 0.1872
-0.000840885, -0.0131392, 0.1873
-0.000842183, -0.0121434, 0.1874
-0.00084338, -0.0111467, 0.1875
-0.000844478, -0.0101489, 0.1876
-0.000845476, -0.0091503, 0.1877
-0.000846375, -0.00815093, 0.1878
-0.000847173, -0.0071509, 0.1879
-0.000847871, -0.00615032, 0.188
-0.00084847, -0.00514927, 0.1881
-0.000848968, -0.00414786, 0.1882
-0.000849366, -0.00314619, 0.1883
-0.000849664, -0.00214436, 0.1884
-0.000849861, -0.00114247, 0.1885
-0.000849959, -0.000140613, 0.1886
-0.000849956, 0.000861101, 0.1887
-0.000849853, 0.00186257, 0.1888
-0.00084965, 0.00286371, 0.1889
-0.000849347, 0.0038644, 0.189
-0.000848944, 0.00486456, 0.1891
-0.000848441, 0.00586408, 0.1892
-0.000847838, 0.00686286, 0.1893
-0.000847135, 0.0078608, 0.1894
-0.000846332, 0.0088578, 0.1895
-0.00084543, 0.00985376, 0.1896
-0.000844428, 0.0108486, 0.1897
-0.000843326, 0.0118422, 0.1898
-0.000842126, 0.0128344, 0.1899
-0.000840826, 0.0138253, 0.19
-0.000839427, 0.0148145, 0.1901
-0.000837929, 0.0158022, 0.1902
-0.000836332, 0.0167881, 0.1903
-0.000834637, 0.0177722, 0.1904
-0.000832843, 0.0187544, 0.1905
-0.000830951, 0.0197345, 0.1906
-0.000828962, 0.0207125, 0.1907
-0.000826874, 0.0216883, 0.1908
-0.000824689, 0.0226618, 0.1909
-0.000822407, 0.0236329, 0.191
-0.000820027, 0.0246014, 0.1911
-0.000817551, 0.0255673, 0.1912
-0.000814978, 0.0265306, 0.1913
-0.000812309, 0.027491, 0.1914
-0.000809544, 0.0284485, 0.1915
-0.000806684, 0.0294031, 0.1916
-0.000803727, 0.0303545, 0.1917
-0.000800676, 0.0313028, 0.1918
-0.00079753, 0.0322478, 0.1919
-0.00079429, 0.0331894, 0.192
-0.000790955, 0.0341275, 0.1921
-0.000787527, 0.0350621, 0.1922
-0.000784005, 0.035993, 0.1923
-0.00078039, 0.0369202, 0.1924
-0.000776683, 0.0378436, 0.1925
-0.000772883, 0.038763, 0.1926
-0.000768992, 0.0396784, 0.1927
-0.000765009, 0.0405896, 0.1928
-0.000760935, 0.0414967, 0.1929
-0.00075677, 0.0423995, 0.193
-0.000752515, 0.0432979, 0.1931
-0.000748171, 0.0441918, 0.1932
-0.000743737, 0.0450811, 0.1933
-0.000739214, 0.0459658, 0.1934
-0.000734603, 0.0468457, 0.1935
-0.000729904, 0.0477208, 0.1936
-0.000725117, 0.048591, 0.1937
-0.000720244, 0.0494562, 0.1938
-0.000715284, 0.0503163, 0.1939
-0.000710238, 0.0511713, 0.194
-0.000705107, 0.0520209, 0.1941
-0.000699891, 0.0528652, 0.1942
-0.000694591, 0.0537041, 0.1943
-0.000689206, 0.0545375, 0.1944
-0.000683739, 0.0553653, 0.1945
-0.000678189, 0.0561874, 0.1946
-0.000672556, 0.0570037, 0.1947
-0.000666843, 0.0578142, 0.1948
-0.000661048, 0.0586187, 0.1949
-0.000655173, 0.0594173, 0.195
-0.000649218, 0.0602097, 0.1951
-0.000643184, 0.060996, 0.1952
-0.000637072, 0.0617761, 0.1953
-0.000630881, 0.0625498, 0.1954
-0.000624614, 0.0633172, 0.1955
-0.000618269, 0.064078, 0.1956
-0.000611849, 0.0648323, 0.1957
-0.000605353, 0.06558, 0.1958
-0.000598783, 0.066321, 0.1959
-0.000592139, 0.0670552, 0.196
-0.000585422, 0.0677826, 0.1961
-0.000578631, 0.068503, 0.1962
-0.000571769, 0.0692165, 0.1963
-0.000564836, 0.0699229, 0.1964
-0.000557832, 0.0706221, 0.1965
-0.000550759, 0.0713142, 0.1966
-0.000543616, 0.071999, 0.1967
-0.000536405, 0.0726764, 0.1968
-0.000529126, 0.0733464, 0.1969
-0.000521781, 0.074009, 0.197
-0.000514369, 0.074664, 0.1971
-0.000506892, 0.0753114, 0.1972
-0.00049935, 0.0759511, 0.1973
-0.000491745, 0.0765831, 0.1974
-0.000484076, 0.0772073, 0.1975
-0.000476346, 0.0778237, 0.1976
-0.000468553, 0.0784321, 0.1977
-0.0004607, 0.0790325, 0.1978
-0.000452787, 0.0796249, 0.1979
-0.000444815, 0.0802092, 0.198
-0.000436785, 0.0807853, 0.1981
-0.000428697, 0.0813532, 0.1982
-0.000420552, 0.0819128, 0.1983
-0.000412352, 0.0824641, 0.1984
-0.000404097, 0.0830071, 0.1985
-0.000395787, 0.0835415, 0.1986
-0.000387425, 0.0840675, 0.1987
-0.00037901, 0.084585, 0.1988
-0.000370543, 0.0850938, 0.1989
-0.000362025, 0.085594, 0.199
-0.000353458, 0.0860855, 0.1991
-0.000344841, 0.0865683, 0.1992
-0.000336177, 0.0870422, 0.1993
-0.000327465, 0.0875073, 0.1994
-0.000318707, 0.0879636, 0.1995
-0.000309903, 0.0884109, 0.1996
-0.000301055, 0.0888492, 0.1997
-0.000292163, 0.0892785, 0.1998
-0.000283229, 0.0896987, 0.1999
-0.000274252, 0.0901098, 0.2
-0.000265235, 0.0905118, 0.2001
-0.000256177, 0.0909046, 0.2002
-0.000247081, 0.0912882, 0.2003
-0.000237946, 0.0916625, 0.2004
-0.000228774, 0.0920275, 0.2005
-0.000219565, 0.0923831, 0.2006
-0.000210321, 0.0927294, 0.2007
-0.000201043, 0.0930663, 0.2008
-0.000191731, 0.0933937, 0.2009
-0.000182387, 0.0937116, 0.201
-0.000173011, 0.0940201, 0.2011
-0.000163604, 0.094319, 0.2012
-0.000154167, 0.0946084, 0.2013
-0.000144702, 0.0948881, 0.2014
-0.000135209, 0.0951582, 0.2015
-0.000125689, 0.0954187, 0.2016
-0.000116143, 0.0956695, 0.2017
-0.000106572, 0.0959106, 0.2018
-9.69777e-05, 0.096142, 0.2019
-8.736e-05, 0.0963636, 0.202
-7.77204e-05, 0.0965755, 0.2021
-6.80597e-05, 0.0967775, 0.2022
-5.8379e-05, 0.0969698, 0.2023
-4.86792e-05, 0.0971522, 0.2024
-3.89613e-05, 0.0973248, 0.2025
-2.92264e-05, 0.0974875, 0.2026
-1.94753e-05, 0.0976403, 0.2027
-9.70916e-06, 0.0977832, 0.2028
7.11384e-08, 0.0979163, 0.2029
9.86457e-06, 0.0980394, 0.203
1.96702e-05, 0.0981525, 0.2031
2.94869e-05, 0.0982557, 0.2032
3.93138e-05, 0.098349, 0.2033
4.91498e-05, 0.0984323, 0.2034
5.8994e-05, 0.0985056, 0.2035
6.88454e-05, 0.0985689, 0.2036
7.87029e-05, 0.0986222, 0.2037
8.85656e-05, 0.0986656, 0.2038
9.84325e-05, 0.0986989, 0.2039
0.000108302, 0.0987223, 0.204
0.000118175, 0.0987356, 0.2041
0.000128048, 0.098739, 0.2042
0.000137922, 0.0987323, 0.2043
0.000147794, 0.0987156, 0.2044
0.000157665, 0.0986889, 0.2045
0.000167533, 0.0986523, 0.2046
0.000177397, 0.0986056, 0.2047
0.000187257, 0.0985489, 0.2048
0.00019711, 0.0984823, 0.2049
0.000206957, 0.0984057, 0.205
0.000216796, 0.0983191, 0.2051
0.000226626, 0.0982225, 0.2052
0.000236446, 0.098116, 0.2053
0.000246255, 0.0979996, 0.2054
0.000256053, 0.0978732, 0.2055
0.000265838, 0.0977369, 0.2056
0.000275609, 0.0975907, 0.2057
0.000285365, 0.0974346, 0.2058
0.000295106, 0.0972687, 0.2059
0.000304829, 0.0970929, 0.206
0.000314535, 0.0969072, 0.2061
0.000324222, 0.0967118, 0.2062
0.00033389, 0.0965065, 0.2063
0.000343537, 0.0962914, 0.2064
0.000353162, 0.0960666, 0.2065
0.000362764, 0.0958321, 0.2066
0.000372343, 0.0955878, 0.2067
0.000381897, 0.0953339, 0.2068
0.000391426, 0.0950703, 0.2069
0.000400928, 0.0947971, 0.207
0.000410403, 0.0945142, 0.2071
0.000419849, 0.0942218, 0.2072
0.000429266, 0.0939199, 0.2073
0.000438653, 0.0936084, 0.2074
0.000448008, 0.0932874, 0.2075
0.000457331, 0.092957, 0.2076
0.000466621, 0.0926171, 0.2077
0.000475876, 0.0922679, 0.2078
0.000485097, 0.0919093, 0.2079
0.000494282, 0.0915414, 0.208
0.000503429, 0.0911642, 0.2081
0.000512539, 0.0907778, 0.2082
0.00052161, 0.0903821, 0.2083
0.000530641, 0.0899773, 0.2084
0.000539632, 0.0895634, 0.2085
0.000548581, 0.0891404, 0.2086
0.000557487, 0.0887084, 0.2087
0.000566351, 0.0882673, 0.2088
0.000575169, 0.0878173, 0.2089
0.000583943, 0.0873585, 0.209
0.000592671, 0.0868907, 0.2091
0.000601352, 0.0864141, 0.2092
0.000609985, 0.0859288, 0.2093
0.000618569, 0.0854347, 0.2094
0.000627104, 0.084932, 0.2095
0.000635589, 0.0844207, 0.2096
0.000644022, 0.0839008, 0.2097
0.000652403, 0.0833724, 0.2098
0.000660731, 0.0828355, 0.2099
0.000669005, 0.0822902, 0.21
0.000677225, 0.0817366, 0.2101
0.000685389, 0.0811746, 0.2102
0.000693497, 0.0806044, 0.2103
0.000701547, 0.0800261, 0.2104
0.00070954, 0.0794396, 0.2105
0.000717473, 0.078845, 0.2106
0.000725348, 0.0782425, 0.2107
0.000733162, 0.077632, 0.2108
0.000740914, 0.0770136, 0.2109
0.000748605, 0.0763874, 0.211
0.000756233, 0.0757534, 0.2111
0.000763797, 0.0751117, 0.2112
0.000771297, 0.0744624, 0.2113
0.000778732, 0.0738055, 0.2114
0.000786102, 0.0731412, 0.2115
0.000793404, 0.0724693, 0.2116
0.00080064, 0.0717902, 0.2117
0.000807807, 0.0711037, 0.2118
0.000814906, 0.07041, 0.2119
0.000821935, 0.0697091, 0.212
0.000828894, 0.0690011, 0.2121
0.000835782, 0.0682861, 0.2122
0.000842598, 0.0675642, 0.2123
0.000849342, 0.0668354, 0.2124
0.000856013, 0.0660998, 0.2125
0.000862611, 0.0653574, 0.2126
0.000869134, 0.0646084, 0.2127
0.000875582, 0.0638528, 0.2128
0.000881954, 0.0630907, 0.2129
0.00088825, 0.0623222, 0.213
0.000894469, 0.0615473, 0.2131
0.000900611, 0.0607662, 0.2132
0.000906674, 0.0599788, 0.2133
0.000912658, 0.0591854, 0.2134
0.000918563, 0.0583859, 0.2135
0.000924388, 0.0575804, 0.2136
0.000930133, 0.0567691, 0.2137
0.000935796, 0.055952, 0.2138
0.000941377, 0.0551291, 0.2139
0.000946876, 0.0543006, 0.214
0.000952292, 0.0534666, 0.2141
0.000957624, 0.0526271, 0.2142
0.000962873, 0.0517822, 0.2143
0.000968037, 0.0509321, 0.2144
0.000973116, 0.0500767, 0.2145
0.000978109, 0.0492162, 0.2146
0.000983016, 0.0483507, 0.2147
0.000987836, 0.0474802, 0.2148
0.000992569, 0.0466048, 0.2149
0.000997215, 0.0457247, 0.215
0.00100177, 0.0448398, 0.2151
0.00100624, 0.0439504, 0.2152
0.00101062, 0.0430565, 0.2153
0.00101491, 0.0421581, 0.2154
0.00101911, 0.0412554, 0.2155
0.00102322, 0.0403484, 0.2156
0.00102724, 0.0394374, 0.2157
0.00103117, 0.0385222, 0.2158
0.00103501, 0.0376031, 0.2159
0.00103875, 0.0366801, 0.216
0.0010424, 0.0357533, 0.2161
0.00104596, 0.0348228, 0.2162
0.00104943, 0.0338888, 0.2163
0.0010528, 0.0329512, 0.2164
0.00105608, 0.0320102, 0.2165
0.00105927, 0.0310659, 0.2166
0.00106236, 0.0301184, 0.2167
0.00106536, 0.0291677, 0.2168
0.00106826, 0.028214, 0.2169
0.00107106, 0.0272574, 0.217
0.00107377, 0.0262979, 0.2171
0.00107638, 0.0253357, 0.2172
0.0010789, 0.0243709, 0.2173
0.00108132, 0.0234035, 0.2174
0.00108365, 0.0224336, 0.2175
0.00108587, 0.0214614, 0.2176
0.001088, 0.0204869, 0.2177
0.00109004, 0.0195102, 0.2178
0.00109197, 0.0185315, 0.2179
0.00109381, 0.0175509, 0.218
0.00109555, 0.0165683, 0.2181
0.00109719, 0.015584, 0.2182
0.00109873, 0.014598, 0.2183
0.00110017, 0.0136104, 0.2184
0.00110152, 0.0126214, 0.2185
0.00110276, 0.011631, 0.2186
0.00110391, 0.0106393, 0.2187
0.00110495, 0.00964644, 0.2188
0.0011059, 0.0086525, 0.2189
0.00110675, 0.00765758, 0.219
0.0011075, 0.00666178, 0.2191
0.00110815, 0.0056652, 0.2192
0.0011087, 0.00466794, 0.2193
0.00110915, 0.0036701, 0.2194
0.0011095, 0.00267178, 0.2195
0.00110975, 0.00167309, 0.2196
0.0011099, 0.000674113, 0.2197
0.00110995, -0.000325042, 0.2198
0.0011099, -0.00132428, 0.2199
0.00110975, -0.00232349, 0.22
0.0011095, -0.00332258, 0.2201
0.00110916, -0.00432146, 0.2202
0.00110871, -0.00532001, 0.2203
0.00110816, -0.00631814, 0.2204
0.00110751, -0.00731575, 0.2205
0.00110676, -0.00831274, 0.2206
0.00110591, -0.00930901, 0.2207
0.00110497, -0.0103045, 0.2208
0.00110392, -0.011299, 0.2209
0.00110277, -0.0122925, 0.221
0.00110153, -0.0132849, 0.2211
0.00110018, -0.0142761, 0.2212
0.00109874, -0.0152659, 0.2213
0.00109719, -0.0162544, 0.2214
0.00109555, -0.0172413, 0.2215
0.00109381, -0.0182266, 0.2216
0.00109197, -0.0192102, 0.2217
0.00109004, -0.020192, 0.2218
0.001088, -0.0211719, 0.2219
0.00108587, -0.0221497, 0.222
0.00108364, -0.0231255, 0.2221
0.00108131, -0.0240991, 0.2222
0.00107888, -0.0250703, 0.2223
0.00107636, -0.0260392, 0.2224
0.00107374, -0.0270055, 0.2225
0.00107102, -0.0279693, 0.2226
0.00106821, -0.0289304, 0.2227
0.0010653, -0.0298887, 0.2228
0.00106229, -0.0308441, 0.2229
0.00105919, -0.0317966, 0.223
0.001056, -0.032746, 0.2231
0.00105271, -0.0336922, 0.2232
0.00104932, -0.0346351, 0.2233
0.00104584, -0.0355747, 0.2234
0.00104227, -0.0365109, 0.2235
0.0010386, -0.0374435, 0.2236
0.00103484, -0.0383724, 0.2237
0.00103099, -0.0392976, 0.2238
0.00102705, -0.0402191, 0.2239
0.00102301, -0.0411366, 0.224
0.00101888, -0.04205, 0.2241
0.00101466, -0.0429594, 0.2242
0.00101035, -0.0438646, 0.2243
0.00100595, -0.0447656, 0.2244
0.00100146, -0.0456621, 0.2245
0.000996876, -0.0465542, 0.2246
0.000992205, -0.0474418, 0.2247
0.000987447, -0.0483247, 0.2248
0.0009826, -0.0492029, 0.2249
0.000977665, -0.0500762, 0.225
0.000972643, -0.0509447, 0.2251
0.000967534, -0.0518082, 0.2252
0.000962339, -0.0526666, 0.2253
0.000957058, -0.0535198, 0.2254
0.000951692, -0.0543678, 0.2255
0.000946241, -0.0552105, 0.2256
0.000940707, -0.0560477, 0.2257
0.000935088, -0.0568795, 0.2258
0.000929386, -0.0577057, 0.2259
0.000923602, -0.0585262, 0.226
0.000917736, -0.0593409, 0.2261
0.000911789, -0.0601498, 0.2262
0.00090576, -0.0609529, 0.2263
0.000899652, -0.0617499, 0.2264
0.000893464, -0.0625408, 0.2265
0.000887197, -0.0633256, 0.2266
0.000880851, -0.0641042, 0.2267
0.000874428, -0.0648765, 0.2268
0.000867928, -0.0656424, 0.2269
0.000861351, -0.0664018, 0.227
0.000854699, -0.0671547, 0.2271
0.000847971, -0.067901, 0.2272
0.000841168, -0.0686406, 0.2273
0.000834292, -0.0693734, 0.2274
0.000827343, -0.0700994, 0.2275
0.000820321, -0.0708185, 0.2276
0.000813228, -0.0715306, 0.2277
0.000806063, -0.0722357, 0.2278
0.000798828, -0.0729337, 0.2279
0.000791523, -0.0736244, 0.228
0.000784149, -0.0743079, 0.2281
0.000776708, -0.0749841, 0.2282
0.000769198, -0.0756528, 0.2283
0.000761622, -0.0763142, 0.2284
0.00075398, -0.0769679, 0.2285
0.000746272, -0.0776141, 0.2286
0.0007385, -0.0782527, 0.2287
0.000730665, -0.0788835, 0.2288
0.000722766, -0.0795065, 0.2289
0.000714806, -0.0801217, 0.229
0.000706783, -0.0807289, 0.2291
0.000698701, -0.0813282, 0.2292
0.000690558, -0.0819195, 0.2293
0.000682357, -0.0825026, 0.2294
0.000674097, -0.0830777, 0.2295
0.00066578, -0.0836445, 0.2296
0.000657406, -0.084203, 0.2297
0.000648977, -0.0847533, 0.2298
0.000640493, -0.0852951, 0.2299
0.000631955, -0.0858285, 0.23
0.000623363, -0.0863535, 0.2301
0.00061472, -0.0868699, 0.2302
0.000606024, -0.0873777, 0.2303
0.000597278, -0.0878769, 0.2304
0.000588483, -0.0883674, 0.2305
0.000579638, -0.0888492, 0.2306
0.000570745, -0.0893222, 0.2307
0.000561806, -0.0897863, 0.2308
0.00055282, -0.0902416, 0.2309
0.000543788, -0.090688, 0.231
0.000534712, -0.0911253, 0.2311
0.000525593, -0.0915537, 0.2312
0.000516431, -0.091973, 0.2313
0.000507227, -0.0923832, 0.2314
0.000497982, -0.0927843, 0.2315
0.000488697, -0.0931762, 0.2316
0.000479374, -0.0935589, 0.2317
0.000470012, -0.0939323, 0.2318
0.000460613, -0.0942964, 0.2319
0.000451177, -0.0946512, 0.232
0.000441707, -0.0949966, 0.2321
0.000432202, -0.0953327, 0.2322
0.000422663, -0.0956593, 0.2323
0.000413092, -0.0959764, 0.2324
0.000403489, -0.096284, 0.2325
0.000393856, -0.0965821, 0.2326
0.000384194, -0.0968707, 0.2327
0.000374502, -0.0971496, 0.2328
0.000364783, -0.097419, 0.2329
0.000355037, -0.0976786, 0.233
0.000345265, -0.0979287, 0.2331
0.000335468, -0.098169, 0.2332
0.000325648, -0.0983996, 0.2333
0.000315804, -0.0986205, 0.2334
0.000305939, -0.0988316, 0.2335
0.000296053, -0.0990329, 0.2336
0.000286147, -0.0992244, 0.2337
0.000276221, -0.0994061, 0.2338
0.000266278, -0.0995779, 0.2339
0.000256318, -0.0997399, 0.234
0.000246342, -0.099892, 0.2341
0.00023635, -0.100034, 0.2342
0.000226345, -0.100166, 0.2343
0.000216326, -0.100289, 0.2344
0.000206296, -0.100401, 0.2345
0.000196254, -0.100504, 0.2346
0.000186203, -0.100596, 0.2347
0.000176142, -0.100679, 0.2348
0.000166073, -0.100752, 0.2349
0.000155997, -0.100814, 0.235
0.000145915, -0.100867, 0.2351
0.000135828, -0.10091, 0.2352
0.000125737, -0.100942, 0.2353
0.000115642, -0.100965, 0.2354
0.000105546, -0.100978, 0.2355
9.54483e-05, -0.10098, 0.2356
8.53506e-05, -0.100973, 0.2357
7.52539e-05, -0.100956, 0.2358
6.51591e-05, -0.100928, 0.2359
5.50671e-05, -0.100891, 0.236
4.49791e-05, -0.100844, 0.2361
3.48959e-05, -0.100786, 0.2362
2.48187e-05, -0.100719, 0.2363
1.47483e-05, -0.100642, 0.2364
4.68588e-06, -0.100554, 0.2365
-5.36768e-06, -0.100457, 0.2366
-1.54114e-05, -0.10035, 0.2367
-2.54442e-05, -0.100233, 0.2368
-3.54651e-05, -0.100106, 0.2369
-4.54731e-05, -0.0999689, 0.237
-5.54673e-05, -0.0998221, 0.2371
-6.54466e-05, -0.0996653, 0.2372
-7.54101e-05, -0.0994987, 0.2373
-8.53568e-05, -0.0993223, 0.2374
-9.52857e-05, -0.099136, 0.2375
-0.000105196, -0.0989398, 0.2376
-0.000115086, -0.0987339, 0.2377
-0.000124956, -0.0985182, 0.2378
-0.000134803, -0.0982927, 0.2379
-0.000144628, -0.0980575, 0.238
-0.00015443, -0.0978126, 0.2381
-0.000164207, -0.097558, 0.2382
-0.000173958, -0.0972938, 0.2383
-0.000183682, -0.0970199, 0.2384
-0.000193379, -0.0967364, 0.2385
-0.000203048, -0.0964433, 0.2386
-0.000212687, -0.0961406, 0.2387
-0.000222295, -0.0958285, 0.2388
-0.000231873, -0.0955068, 0.2389
-0.000241418, -0.0951757, 0.239
-0.000250929, -0.0948352, 0.2391
-0.000260407, -0.0944852, 0.2392
-0.000269849, -0.0941259, 0.2393
-0.000279255, -0.0937573, 0.2394
-0.000288624, -0.0933794, 0.2395
-0.000297956, -0.0929923, 0.2396
-0.000307248, -0.092596, 0.2397
-0.000316501, -0.0921904, 0.2398
-0.000325712, -0.0917758, 0.2399
-0.000334883, -0.0913521, 0.24
-0.00034401, -0.0909193, 0.2401
-0.000353095, -0.0904775, 0.2402
-0.000362135, -0.0900268, 0.2403
-0.000371129, -0.0895672, 0.2404
-0.000380078, -0.0890987, 0.2405
-0.00038898, -0.0886214, 0.2406
-0.000397834, -0.0881353, 0.2407
-0.000406639, -0.0876404, 0.2408
-0.000415394, -0.0871369, 0.2409
-0.000424099, -0.0866248, 0.241
-0.000432752, -0.0861041, 0.2411
-0.000441354, -0.0855749, 0.2412
-0.000449902, -0.0850373, 0.2413
-0.000458397, -0.0844912, 0.2414
-0.000466836, -0.0839367, 0.2415
-0.00047522, -0.083374, 0.2416
-0.000483548, -0.082803, 0.2417
-0.000491818, -0.0822238, 0.2418
-0.000500031, -0.0816365, 0.2419
-0.000508184, -0.0810411, 0.242
-0.000516278, -0.0804377, 0.2421
-0.000524311, -0.0798263, 0.2422
-0.000532283, -0.0792071, 0.2423
-0.000540193, -0.07858, 0.2424
-0.000548041, -0.0779451, 0.2425
-0.000555824, -0.0773025, 0.2426
-0.000563543, -0.0766523, 0.2427
-0.000571197, -0.0759946, 0.2428
-0.000578785, -0.0753293, 0.2429
-0.000586307, -0.0746565, 0.243
-0.000593761, -0.0739764, 0.2431
-0.000601147, -0.073289, 0.2432
-0.000608464, -0.0725943, 0.2433
-0.000615712, -0.0718925, 0.2434
-0.000622889, -0.0711836, 0.2435
-0.000629995, -0.0704676, 0.2436
-0.00063703, -0.0697447, 0.2437
-0.000643992, -0.0690149, 0.2438
-0.000650881, -0.0682782, 0.2439
-0.000657696, -0.0675349, 0.244
-0.000664437, -0.0667848, 0.2441
-0.000671102, -0.0660282, 0.2442
-0.000677692, -0.0652651, 0.2443
-0.000684206, -0.0644955, 0.2444
-0.000690642, -0.0637196, 0.2445
-0.000697001, -0.0629374, 0.2446
-0.000703281, -0.0621489, 0.2447
-0.000709483, -0.0613544, 0.2448
-0.000715605, -0.0605538, 0.2449
-0.000721646, -0.0597472, 0.245
-0.000727607, -0.0589347, 0.2451
-0.000733487, -0.0581165, 0.2452
-0.000739285, -0.0572925, 0.2453
-0.000745, -0.0564628, 0.2454
-0.000750632, -0.0556276, 0.2455
-0.000756181, -0.054787, 0.2456
-0.000761645, -0.0539409, 0.2457
-0.000767025, -0.0530895, 0.2458
-0.000772319, -0.0522329, 0.2459
-0.000777528, -0.0513712, 0.246
-0.00078265, -0.0505044, 0.2461
-0.000787686, -0.0496327, 0.2462
-0.000792635, -0.048756, 0.2463
-0.000797495, -0.0478746, 0.2464
-0.000802268, -0.0469885, 0.2465
-0.000806952, -0.0460978, 0.2466
-0.000811546, -0.0452025, 0.2467
-0.000816052, -0.0443028, 0.2468
-0.000820467, -0.0433988, 0.2469
-0.000824791, -0.0424905, 0.247
-0.000829025, -0.0415781, 0.2471
-0.000833167, -0.0406615, 0.2472
-0.000837218, -0.039741, 0.2473
-0.000841176, -0.0388166, 0.2474
-0.000845043, -0.0378884, 0.2475
-0.000848816, -0.0369565, 0.2476
-0.000852496, -0.036021, 0.2477
-0.000856082, -0.035082, 0.2478
-0.000859574, -0.0341395, 0.2479
-0.000862972, -0.0331938, 0.248
-0.000866276, -0.0322447, 0.2481
-0.000869484, -0.0312926, 0.2482
-0.000872597, -0.0303374, 0.2483
-0.000875615, -0.0293792, 0.2484
-0.000878537, -0.0284182, 0.2485
-0.000881362, -0.0274545, 0.2486
-0.000884092, -0.026488, 0.2487
-0.000886724, -0.025519, 0.2488
-0.00088926, -0.0245476, 0.2489
-0.000891698, -0.0235738, 0.249
-0.000894039, -0.0225977, 0.2491
-0.000896283, -0.0216194, 0.2492
-0.000898428, -0.020639, 0.2493
-0.000900476, -0.0196567, 0.2494
-0.000902425, -0.0186724, 0.2495
-0.000904275, -0.0176864, 0.2496
-0.000906027, -0.0166987, 0.2497
-0.000907681, -0.0157095, 0.2498
-0.000909235, -0.0147187, 0.2499
-0.00091069, -0.0137265, 0.25
-0.000912046, -0.0127331, 0.2501
-0.000913303, -0.0117384, 0.2502
-0.00091446, -0.0107427, 0.2503
-0.000915518, -0.00974599, 0.2504
-0.000916476, -0.00874838, 0.2505
-0.000917334, -0.00774997, 0.2506
-0.000918092, -0.00675087, 0.2507
-0.00091875, -0.00575117, 0.2508
-0.000919309, -0.00475099, 0.2509
-0.000919767, -0.0037504, 0.251
-0.000920125, -0.00274953, 0.2511
-0.000920384, -0.00174846, 0.2512
-0.000920542, -0.0007473, 0.2513
-0.0009206, 0.000253854, 0.2514
