0, 0, 0
1.94999e-09, 5.80488e-05, 0.0001
1.33902e-08, 0.000226591, 0.0002
4.31731e-08, 0.000496736, 0.0003
1.01246e-07, 0.000858468, 0.0004
1.96637e-07, 0.00130267, 0.0005
3.37478e-07, 0.00182108, 0.0006
5.31085e-07, 0.00240625, 0.0007
7.84039e-07, 0.00305142, 0.0008
1.10226e-06, 0.0037505, 0.0009
1.49105e-06, 0.00449794, 0.001
1.95518e-06, 0.00528875, 0.0011
2.49893e-06, 0.0061184, 0.0012
3.12611e-06, 0.00698278, 0.0013
3.84016e-06, 0.00787817, 0.0014
4.64413e-06, 0.0088012, 0.0015
5.54072e-06, 0.0097488, 0.0016
6.53238e-06, 0.0107182, 0.0017
7.62122e-06, 0.0117069, 0.0018
8.80917e-06, 0.0127125, 0.0019
1.00979e-05, 0.0137331, 0.002
1.14888e-05, 0.0147666, 0.0021
1.29832e-05, 0.0158114, 0.0022
1.45822e-05, 0.0168659, 0.0023
1.62868e-05, 0.0179287, 0.0024
1.80978e-05, 0.0189984, 0.0025
2.00157e-05, 0.0200738, 0.0026
2.20413e-05, 0.0211539, 0.0027
2.41749e-05, 0.0222376, 0.0028
2.64169e-05, 0.023324, 0.0029
2.87675e-05, 0.0244123, 0.003
3.1227e-05, 0.0255016, 0.0031
3.37954e-05, 0.0265913, 0.0032
3.64727e-05, 0.0276807, 0.0033
3.9259e-05, 0.0287692, 0.0034
4.21541e-05, 0.0298561, 0.0035
4.51578e-05, 0.0309411, 0.0036
4.82699e-05, 0.0320235, 0.0037
5.14902e-05, 0.0331029, 0.0038
5.48184e-05, 0.0341789, 0.0039
5.82542e-05, 0.0352511, 0.004
6.1797e-05, 0.0363192, 0.0041
6.54466e-05, 0.0373826, 0.0042
6.92025e-05, 0.0384412, 0.0043
7.30641e-05, 0.0394946, 0.0044
7.70309e-05, 0.0405425, 0.0045
8.11025e-05, 0.0415846, 0.0046
8.52781e-05, 0.0426207, 0.0047
8.95572e-05, 0.0436504, 0.0048
9.39392e-05, 0.0446736, 0.0049
9.84234e-05, 0.04569, 0.005
0.000103009, 0.0466994, 0.0051
0.000107696, 0.0477016, 0.0052
0.000112482, 0.0486963, 0.0053
0.000117368, 0.0496834, 0.0054
0.000122353, 0.0506626, 0.0055
0.000127435, 0.0516339, 0.0056
0.000132614, 0.0525969, 0.0057
0.00013789, 0.0535515, 0.0058
0.00014326, 0.0544976, 0.0059
0.000148726, 0.055435, 0.006
0.000154285, 0.0563635, 0.0061
0.000159936, 0.057283, 0.0062
0.000165679, 0.0581932, 0.0063
0.000171513, 0.0590941, 0.0064
0.000177438, 0.0599856, 0.0065
0.000183451, 0.0608673, 0.0066
0.000189552, 0.0617393, 0.0067
0.00019574, 0.0626014, 0.0068
0.000202014, 0.0634535, 0.0069
0.000208373, 0.0642953, 0.007
0.000214816, 0.0651269, 0.0071
0.000221342, 0.0659479, 0.0072
0.00022795, 0.0667585, 0.0073
0.000234639, 0.0675583, 0.0074
0.000241408, 0.0683473, 0.0075
0.000248256, 0.0691254, 0.0076
0.000255181, 0.0698924, 0.0077
0.000262182, 0.0706483, 0.0078
0.000269259, 0.0713929, 0.0079
0.000276411, 0.0721261, 0.008
0.000283635, 0.0728478, 0.0081
0.000290931, 0.073558, 0.0082
0.000298299, 0.0742564, 0.0083
0.000305735, 0.074943, 0.0084
0.000313241, 0.0756177, 0.0085
0.000320813, 0.0762804, 0.0086
0.000328452, 0.076931, 0.0087
0.000336155, 0.0775694, 0.0088
0.000343922, 0.0781956, 0.0089
0.000351752, 0.0788093, 0.009
0.000359643, 0.0794106, 0.0091
0.000367593, 0.0799993, 0.0092
0.000375602, 0.0805754, 0.0093
0.000383669, 0.0811388, 0.0094
0.000391792, 0.0816894, 0.0095
0.000399969, 0.082227, 0.0096
0.000408201, 0.0827518, 0.0097
0.000416484, 0.0832635, 0.0098
0.000424818, 0.0837621, 0.0099
0.000433202, 0.0842475, 0.01
0.000441635, 0.0847197, 0.0101
0.000450114, 0.0851786, 0.0102
0.000458639, 0.0856241, 0.0103
0.000467208, 0.0860561, 0.0104
0.00047582, 0.0864746, 0.0105
0.000484474, 0.0868796, 0.0106
0.000493169, 0.087271, 0.0107
0.000501902, 0.0876487, 0.0108
0.000510672, 0.0880126, 0.0109
0.000519479, 0.0883628, 0.011
0.000528321, 0.0886992, 0.0111
0.000537196, 0.0890217, 0.0112
0.000546103, 0.0893302, 0.0113
0.00055504, 0.0896248, 0.0114
0.000564007, 0.0899054, 0.0115
0.000573002, 0.0901719, 0.0116
0.000582023, 0.0904244, 0.0117
0.000591069, 0.0906627, 0.0118
0.000600138, 0.0908869, 0.0119
0.00060923, 0.0910969, 0.012
0.000618343, 0.0912927, 0.0121
0.000627475, 0.0914742, 0.0122
0.000636625, 0.0916415, 0.0123
0.000645791, 0.0917945, 0.0124
0.000654972, 0.0919331, 0.0125
0.000664167, 0.0920575, 0.0126
0.000673375, 0.0921675, 0.0127
0.000682593, 0.0922632, 0.0128
0.00069182, 0.0923444, 0.0129
0.000701055, 0.0924113, 0.013
0.000710297, 0.0924638, 0.0131
0.000719543, 0.0925019, 0.0132
0.000728794, 0.0925256, 0.0133
0.000738046, 0.0925349, 0.0134
0.000747299, 0.0925298, 0.0135
0.000756551, 0.0925103, 0.0136
0.000765801, 0.0924764, 0.0137
0.000775048, 0.0924281, 0.0138
0.000784289, 0.0923654, 0.0139
0.000793524, 0.0922883, 0.014
0.000802751, 0.0921969, 0.0141
0.000811969, 0.0920911, 0.0142
0.000821175, 0.091971, 0.0143
0.00083037, 0.0918366, 0.0144
0.000839551, 0.0916879, 0.0145
0.000848716, 0.0915249, 0.0146
0.000857866, 0.0913477, 0.0147
0.000866997, 0.0911562, 0.0148
0.000876109, 0.0909506, 0.0149
0.0008852, 0.0907308, 0.015
0.000894268, 0.0904968, 0.0151
0.000903314, 0.0902488, 0.0152
0.000912334, 0.0899867, 0.0153
0.000921328, 0.0897106, 0.0154
0.000930293, 0.0894205, 0.0155
0.00093923, 0.0891165, 0.0156
0.000948136, 0.0887986, 0.0157
0.00095701, 0.0884669, 0.0158
0.00096585, 0.0881214, 0.0159
0.000974656, 0.0877621, 0.016
0.000983426, 0.0873891, 0.0161
0.000992158, 0.0870025, 0.0162
0.00100085, 0.0866023, 0.0163
0.0010095, 0.0861886, 0.0164
0.00101812, 0.0857615, 0.0165
0.00102668, 0.0853209, 0.0166
0.00103521, 0.084867, 0.0167
0.00104369, 0.0843999, 0.0168
0.00105212, 0.0839195, 0.0169
0.0010605, 0.083426, 0.017
0.00106884, 0.0829195, 0.0171
0.00107712, 0.0824, 0.0172
0.00108535, 0.0818676, 0.0173
0.00109353, 0.0813223, 0.0174
0.00110165, 0.0807643, 0.0175
0.00110972, 0.0801937, 0.0176
0.00111772, 0.0796104, 0.0177
0.00112568, 0.0790147, 0.0178
0.00113357, 0.0784065, 0.0179
0.0011414, 0.077786, 0.018
0.00114916, 0.0771533, 0.0181
0.00115687, 0.0765085, 0.0182
0.00116451, 0.0758516, 0.0183
0.00117208, 0.0751828, 0.0184
0.00117959, 0.0745021, 0.0185
0.00118703, 0.0738096, 0.0186
0.0011944, 0.0731055, 0.0187
0.00120169, 0.0723898, 0.0188
0.00120892, 0.0716627, 0.0189
0.00121607, 0.0709243, 0.019
0.00122315, 0.0701746, 0.0191
0.00123016, 0.0694138, 0.0192
0.00123709, 0.068642, 0.0193
0.00124394, 0.0678593, 0.0194
0.00125071, 0.0670658, 0.0195
0.0012574, 0.0662616, 0.0196
0.00126401, 0.0654469, 0.0197
0.00127055, 0.0646217, 0.0198
0.00127699, 0.0637862, 0.0199
0.00128336, 0.0629405, 0.02
0.00128964, 0.0620847, 0.0201
0.00129583, 0.061219, 0.0202
0.00130194, 0.0603435, 0.0203
0.00130796, 0.0594583, 0.0204
0.00131389, 0.0585635, 0.0205
0.00131973, 0.0576592, 0.0206
0.00132548, 0.0567457, 0.0207
0.00133114, 0.0558229, 0.0208
0.0013367, 0.0548912, 0.0209
0.00134218, 0.0539505, 0.021
0.00134756, 0.0530011, 0.0211
0.00135284, 0.052043, 0.0212
0.00135803, 0.0510764, 0.0213
0.00136312, 0.0501015, 0.0214
0.00136811, 0.0491184, 0.0215
0.00137301, 0.0481272, 0.0216
0.0013778, 0.0471281, 0.0217
0.0013825, 0.0461212, 0.0218
0.00138709, 0.0451067, 0.0219
0.00139159, 0.0440847, 0.022
0.00139598, 0.0430553, 0.0221
0.00140027, 0.0420187, 0.0222
0.00140445, 0.0409752, 0.0223
0.00140853, 0.0399247, 0.0224
0.00141251, 0.0388675, 0.0225
0.00141637, 0.0378037, 0.0226
0.00142014, 0.0367335, 0.0227
0.00142379, 0.035657, 0.0228
0.00142734, 0.0345744, 0.0229
0.00143078, 0.0334858, 0.023
0.00143411, 0.0323914, 0.0231
0.00143733, 0.0312914, 0.0232
0.00144044, 0.0301859, 0.0233
0.00144344, 0.0290751, 0.0234
0.00144633, 0.0279591, 0.0235
0.00144911, 0.0268381, 0.0236
0.00145177, 0.0257123, 0.0237
0.00145432, 0.0245818, 0.0238
0.00145676, 0.0234468, 0.0239
0.00145909, 0.0223074, 0.024
0.0014613, 0.0211639, 0.0241
0.0014634, 0.0200163, 0.0242
0.00146538, 0.0188649, 0.0243
0.00146725, 0.0177098, 0.0244
0.001469, 0.0165512, 0.0245
0.00147063, 0.0153893, 0.0246
0.00147215, 0.0142241, 0.0247
0.00147355, 0.013056, 0.0248
0.00147484, 0.011885, 0.0249
0.00147601, 0.0107113, 0.025
0.00147706, 0.00953511, 0.0251
0.00147799, 0.00835661, 0.0252
0.00147881, 0.00717594, 0.0253
0.00147951, 0.00599328, 0.0254
0.00148009, 0.0048088, 0.0255
0.00148055, 0.00362267, 0.0256
0.00148089, 0.00243507, 0.0257
0.00148111, 0.00124616, 0.0258
0.00148122, 5.61149e-05, 0.0259
0.0014812, -0.00113489, 0.026
0.00148107, -0.00232668, 0.0261
0.00148082, -0.00351908, 0.0262
0.00148045, -0.00471193, 0.0263
0.00147996, -0.00590505, 0.0264
0.00147935, -0.00709826, 0.0265
0.00147862, -0.0082914, 0.0266
0.00147777, -0.00948429, 0.0267
0.0014768, -0.0106768, 0.0268
0.00147571, -0.0118686, 0.0269
0.0014745, -0.0130597, 0.027
0.00147318, -0.0142499, 0.0271
0.00147173, -0.015439, 0.0272
0.00147017, -0.0166267, 0.0273
0.00146849, -0.0178131, 0.0274
0.00146669, -0.0189977, 0.0275
0.00146477, -0.0201806, 0.0276
0.00146273, -0.0213616, 0.0277
0.00146057, -0.0225403, 0.0278
0.0014583, -0.0237168, 0.0279
0.00145591, -0.0248908, 0.028
0.0014534, -0.0260621, 0.0281
0.00145077, -0.0272306, 0.0282
0.00144803, -0.0283962, 0.0283
0.00144517, -0.0295585, 0.0284
0.0014422, -0.0307176, 0.0285
0.00143911, -0.0318731, 0.0286
0.0014359, -0.033025, 0.0287
0.00143258, -0.034173, 0.0288
0.00142914, -0.0353171, 0.0289
0.00142559, -0.036457, 0.029
0.00142193, -0.0375925, 0.0291
0.00141815, -0.0387236, 0.0292
0.00141426, -0.03985, 0.0293
0.00141025, -0.0409716, 0.0294
0.00140614, -0.0420882, 0.0295
0.00140191, -0.0431997, 0.0296
0.00139757, -0.0443058, 0.0297
0.00139312, -0.0454065, 0.0298
0.00138856, -0.0465016, 0.0299
0.0013839, -0.0475909, 0.03
0.00137912, -0.0486743, 0.0301
0.00137423, -0.0497516, 0.0302
0.00136924, -0.0508226, 0.0303
0.00136414, -0.0518872, 0.0304
0.00135893, -0.0529452, 0.0305
0.00135362, -0.0539965, 0.0306
0.00134821, -0.055041, 0.0307
0.00134268, -0.0560784, 0.0308
0.00133706, -0.0571087, 0.0309
0.00133133, -0.0581316, 0.031
0.0013255, -0.0591471, 0.0311
0.00131957, -0.060155, 0.0312
0.00131354, -0.0611551, 0.0313
0.00130741, -0.0621473, 0.0314
0.00130118, -0.0631315, 0.0315
0.00129485, -0.0641075, 0.0316
0.00128842, -0.0650751, 0.0317
0.0012819, -0.0660342, 0.0318
0.00127528, -0.0669848, 0.0319
0.00126856, -0.0679266, 0.032
0.00126176, -0.0688595, 0.0321
0.00125485, -0.0697834, 0.0322
0.00124786, -0.0706981, 0.0323
0.00124078, -0.0716036, 0.0324
0.0012336, -0.0724996, 0.0325
0.00122634, -0.0733861, 0.0326
0.00121898, -0.0742629, 0.0327
0.00121154, -0.0751299, 0.0328
0.00120402, -0.075987, 0.0329
0.0011964, -0.076834, 0.033
0.00118871, -0.0776708, 0.0331
0.00118093, -0.0784974, 0.0332
0.00117306, -0.0793135, 0.0333
0.00116512, -0.0801191, 0.0334
0.00115709, -0.080914, 0.0335
0.00114899, -0.0816981, 0.0336
0.00114081, -0.0824714, 0.0337
0.00113255, -0.0832337, 0.0338
0.00112421, -0.0839849, 0.0339
0.0011158, -0.0847248, 0.034
0.00110732, -0.0854534, 0.0341
0.00109876, -0.0861706, 0.0342
0.00109013, -0.0868763, 0.0343
0.00108143, -0.0875703, 0.0344
0.00107266, -0.0882526, 0.0345
0.00106383, -0.0889231, 0.0346
0.00105492, -0.0895816, 0.0347
0.00104595, -0.0902281, 0.0348
0.00103692, -0.0908625, 0.0349
0.00102783, -0.0914847, 0.035
0.00101867, -0.0920945, 0.0351
0.00100945, -0.092692, 0.0352
0.00100017, -0.093277, 0.0353
0.000990832, -0.0938494, 0.0354
0.000981438, -0.0944092, 0.0355
0.000971989, -0.0949562, 0.0356
0.000962484, -0.0954904, 0.0357
0.000952927, -0.0960118, 0.0358
0.000943318, -0.0965202, 0.0359
0.000933658, -0.0970155, 0.036
0.000923948, -0.0974977, 0.0361
0.000914191, -0.0979668, 0.0362
0.000904387, -0.0984226, 0.0363
0.000894538, -0.098865, 0.0364
0.000884644, -0.0992941, 0.0365
0.000874708, -0.0997098, 0.0366
0.000864731, -0.100112, 0.0367
0.000854714, -0.100501, 0.0368
0.000844658, -0.100876, 0.0369
0.000834564, -0.101237, 0.037
0.000824435, -0.101584, 0.0371
0.000814272, -0.101918, 0.0372
0.000804075, -0.102238, 0.0373
0.000793846, -0.102544, 0.0374
0.000783587, -0.102836, 0.0375
0.000773299, -0.103115, 0.0376
0.000762984, -0.103379, 0.0377
0.000752642, -0.103629, 0.0378
0.000742276, -0.103865, 0.0379
0.000731886, -0.104087, 0.038
0.000721474, -0.104295, 0.0381
0.000711041, -0.104489, 0.0382
0.00070059, -0.104668, 0.0383
0.000690121, -0.104833, 0.0384
0.000679635, -0.104984, 0.0385
0.000669135, -0.105121, 0.0386
0.000658621, -0.105243, 0.0387
0.000648095, -0.105351, 0.0388
0.000637559, -0.105445, 0.0389
0.000627014, -0.105524, 0.039
0.00061646, -0.10559, 0.0391
0.000605901, -0.10564, 0.0392
0.000595337, -0.105676, 0.0393
0.000584769, -0.105698, 0.0394
0.000574199, -0.105706, 0.0395
0.000563629, -0.105699, 0.0396
0.00055306, -0.105678, 0.0397
0.000542493, -0.105642, 0.0398
0.00053193, -0.105592, 0.0399
0.000521373, -0.105527, 0.04
0.000510822, -0.105449, 0.0401
0.000500279, -0.105355, 0.0402
0.000489745, -0.105248, 0.0403
0.000479223, -0.105126, 0.0404
0.000468713, -0.10499, 0.0405
0.000458217, -0.104839, 0.0406
0.000447736, -0.104675, 0.0407
0.000437272, -0.104496, 0.0408
0.000426826, -0.104303, 0.0409
0.000416399, -0.104095, 0.041
0.000405994, -0.103874, 0.0411
0.000395611, -0.103638, 0.0412
0.000385252, -0.103388, 0.0413
0.000374918, -0.103124, 0.0414
0.00036461, -0.102846, 0.0415
0.000354331, -0.102554, 0.0416
0.000344081, -0.102248, 0.0417
0.000333862, -0.101928, 0.0418
0.000323675, -0.101595, 0.0419
0.000313522, -0.101247, 0.042
0.000303403, -0.100886, 0.0421
0.000293321, -0.100511, 0.0422
0.000283277, -0.100122, 0.0423
0.000273272, -0.09972, 0.0424
0.000263307, -0.0993042, 0.0425
0.000253384, -0.0988749, 0.0426
0.000243504, -0.0984322, 0.0427
0.000233669, -0.097976, 0.0428
0.00022388, -0.0975066, 0.0429
0.000214138, -0.097024, 0.043
0.000204444, -0.0965281, 0.0431
0.0001948, -0.0960192, 0.0432
0.000185207, -0.0954972, 0.0433
0.000175666, -0.0949623, 0.0434
0.00016618, -0.0944145, 0.0435
0.000156748, -0.0938539, 0.0436
0.000147372, -0.0932806, 0.0437
0.000138055, -0.0926947, 0.0438
0.000128795, -0.0920962, 0.0439
0.000119596, -0.0914852, 0.044
0.000110459, -0.0908619, 0.0441
0.000101383, -0.0902262, 0.0442
9.23718e-05, -0.0895784, 0.0443
8.34253e-05, -0.0889185, 0.0444
7.4545e-05, -0.0882465, 0.0445
6.57321e-05, -0.0875626, 0.0446
5.69878e-05, -0.0868669, 0.0447
4.83132e-05, -0.0861595, 0.0448
3.97096e-05, -0.0854405, 0.0449
3.1178e-05, -0.0847099, 0.045
2.27197e-05, -0.0839679, 0.0451
1.43358e-05, -0.0832146, 0.0452
6.02743e-06, -0.0824502, 0.0453
-2.20434e-06, -0.0816746, 0.0454
-1.03584e-05, -0.080888, 0.0455
-1.84336e-05, -0.0800906, 0.0456
-2.64288e-05, -0.0792825, 0.0457
-3.43431e-05, -0.0784637, 0.0458
-4.21754e-05, -0.0776343, 0.0459
-4.99245e-05, -0.0767946, 0.046
-5.75895e-05, -0.0759446, 0.0461
-6.51693e-05, -0.0750844, 0.0462
-7.26629e-05, -0.0742142, 0.0463
-8.00694e-05, -0.0733341, 0.0464
-8.73877e-05, -0.0724442, 0.0465
-9.46168e-05, -0.0715447, 0.0466
-0.000101756, -0.0706356, 0.0467
-0.000108804, -0.0697171, 0.0468
-0.00011576, -0.0687893, 0.0469
-0.000122623, -0.0678524, 0.047
-0.000129392, -0.0669065, 0.0471
-0.000136066, -0.0659518, 0.0472
-0.000142645, -0.0649883, 0.0473
-0.000149128, -0.0640162, 0.0474
-0.000155513, -0.0630357, 0.0475
-0.000161799, -0.0620468, 0.0476
-0.000167987, -0.0610498, 0.0477
-0.000174075, -0.0600448, 0.0478
-0.000180063, -0.0590318, 0.0479
-0.000185948, -0.0580112, 0.048
-0.000191732, -0.0569829, 0.0481
-0.000197413, -0.0559472, 0.0482
-0.00020299, -0.0549042, 0.0483
-0.000208463, -0.0538541, 0.0484
-0.00021383, -0.052797, 0.0485
-0.000219092, -0.051733, 0.0486
-0.000224247, -0.0506623, 0.0487
-0.000229295, -0.0495851, 0.0488
-0.000234236, -0.0485015, 0.0489
-0.000239067, -0.0474116, 0.049
-0.00024379, -0.0463157, 0.0491
-0.000248403, -0.0452139, 0.0492
-0.000252906, -0.0441063, 0.0493
-0.000257298, -0.0429932, 0.0494
-0.000261578, -0.0418746, 0.0495
-0.000265747, -0.0407507, 0.0496
-0.000269803, -0.0396216, 0.0497
-0.000273746, -0.0384877, 0.0498
-0.000277575, -0.0373489, 0.0499
-0.000281291, -0.0362055, 0.05
-0.000284892, -0.0350576, 0.0501
-0.000288379, -0.0339055, 0.0502
-0.00029175, -0.0327492, 0.0503
-0.000295005, -0.0315889, 0.0504
-0.000298144, -0.0304248, 0.0505
-0.000301167, -0.0292571, 0.0506
-0.000304073, -0.0280859, 0.0507
-0.000306862, -0.0269114, 0.0508
-0.000309534, -0.0257338, 0.0509
-0.000312087, -0.0245532, 0.051
-0.000314523, -0.0233698, 0.0511
-0.00031684, -0.0221838, 0.0512
-0.000319038, -0.0209953, 0.0513
-0.000321118, -0.0198045, 0.0514
-0.000323078, -0.0186116, 0.0515
-0.000324919, -0.0174168, 0.0516
-0.000326641, -0.0162202, 0.0517
-0.000328243, -0.015022, 0.0518
-0.000329725, -0.0138224, 0.0519
-0.000331087, -0.0126215, 0.052
-0.000332329, -0.0114195, 0.0521
-0.000333451, -0.0102166, 0.0522
-0.000334452, -0.00901301, 0.0523
-0.000335334, -0.00780881, 0.0524
-0.000336094, -0.00660421, 0.0525
-0.000336735, -0.0053994, 0.0526
-0.000337254, -0.00419453, 0.0527
-0.000337654, -0.00298978, 0.0528
-0.000337932, -0.00178533, 0.0529
-0.000338091, -0.000581347, 0.053
-0.000338129, 0.000621996, 0.0531
-0.000338047, 0.00182453, 0.0532
-0.000337844, 0.00302607, 0.0533
-0.000337521, 0.00422646, 0.0534
-0.000337079, 0.00542551, 0.0535
-0.000336516, 0.00662307, 0.0536
-0.000335834, 0.00781895, 0.0537
-0.000335032, 0.00901299, 0.0538
-0.000334111, 0.010205, 0.0539
-0.000333071, 0.0113948, 0.054
-0.000331911, 0.0125823, 0.0541
-0.000330633, 0.0137673, 0.0542
-0.000329237, 0.0149495, 0.0543
-0.000327722, 0.0161289, 0.0544
-0.00032609, 0.0173053, 0.0545
-0.00032434, 0.0184784, 0.0546
-0.000322472, 0.0196482, 0.0547
-0.000320488, 0.0208144, 0.0548
-0.000318387, 0.0219769, 0.0549
-0.00031617, 0.0231356, 0.055
-0.000313838, 0.0242902, 0.0551
-0.00031139, 0.0254406, 0.0552
-0.000308826, 0.0265866, 0.0553
-0.000306149, 0.0277281, 0.0554
-0.000303357, 0.0288649, 0.0555
-0.000300452, 0.0299968, 0.0556
-0.000297433, 0.0311237, 0.0557
-0.000294302, 0.0322454, 0.0558
-0.000291059, 0.0333618, 0.0559
-0.000287705, 0.0344726, 0.056
-0.000284239, 0.0355778, 0.0561
-0.000280663, 0.0366772, 0.0562
-0.000276977, 0.0377706, 0.0563
-0.000273182, 0.0388578, 0.0564
-0.000269278, 0.0399388, 0.0565
-0.000265267, 0.0410133, 0.0566
-0.000261148, 0.0420812, 0.0567
-0.000256922, 0.0431423, 0.0568
-0.00025259, 0.0441966, 0.0569
-0.000248153, 0.0452438, 0.057
-0.000243612, 0.0462837, 0.0571
-0.000238966, 0.0473163, 0.0572
-0.000234218, 0.0483414, 0.0573
-0.000229367, 0.0493589, 0.0574
-0.000224414, 0.0503685, 0.0575
-0.000219361, 0.0513702, 0.0576
-0.000214207, 0.0523638, 0.0577
-0.000208955, 0.0533492, 0.0578
-0.000203604, 0.0543262, 0.0579
-0.000198155, 0.0552947, 0.058
-0.00019261, 0.0562545, 0.0581
-0.000186969, 0.0572056, 0.0582
-0.000181233, 0.0581477, 0.0583
-0.000175402, 0.0590808, 0.0584
-0.000169479, 0.0600047, 0.0585
-0.000163464, 0.0609192, 0.0586
-0.000157357, 0.0618243, 0.0587
-0.00015116, 0.0627198, 0.0588
-0.000144873, 0.0636056, 0.0589
-0.000138498, 0.0644816, 0.059
-0.000132036, 0.0653475, 0.0591
-0.000125487, 0.0662034, 0.0592
-0.000118853, 0.0670491, 0.0593
-0.000112134, 0.0678845, 0.0594
-0.000105332, 0.0687094, 0.0595
-9.84478e-05, 0.0695237, 0.0596
-9.14822e-05, 0.0703273, 0.0597
-8.44365e-05, 0.0711202, 0.0598
-7.73117e-05, 0.0719021, 0.0599
-7.01089e-05, 0.072673, 0.06
-6.28292e-05, 0.0734327, 0.0601
-5.54737e-05, 0.0741812, 0.0602
-4.80435e-05, 0.0749183, 0.0603
-4.05398e-05, 0.075644, 0.0604
-3.29638e-05, 0.0763581, 0.0605
-2.53165e-05, 0.0770606, 0.0606
-1.75992e-05, 0.0777513, 0.0607
-9.81301e-06, 0.0784301, 0.0608
-1.95915e-06, 0.0790969, 0.0609
5.96119e-06, 0.0797517, 0.061
1.39468e-05, 0.0803944, 0.0611
2.19965e-05, 0.0810248, 0.0612
3.0109e-05, 0.0816428, 0.0613
3.82831e-05, 0.0822485, 0.0614
4.65175e-05, 0.0828416, 0.0615
5.48111e-05, 0.0834222, 0.0616
6.31625e-05, 0.08399, 0.0617
7.15704e-05, 0.0845451, 0.0618
8.00337e-05, 0.0850874, 0.0619
8.8551e-05, 0.0856167, 0.062
9.71209e-05, 0.0861331, 0.0621
0.000105742, 0.0866364, 0.0622
0.000114414, 0.0871266, 0.0623
0.000123134, 0.0876035, 0.0624
0.000131902, 0.0880672, 0.0625
0.000140716, 0.0885176, 0.0626
0.000149575, 0.0889545, 0.0627
0.000158477, 0.089378, 0.0628
0.000167421, 0.089788, 0.0629
0.000176406, 0.0901843, 0.063
0.000185431, 0.0905671, 0.0631
0.000194493, 0.0909361, 0.0632
0.000203592, 0.0912914, 0.0633
0.000212727, 0.0916329, 0.0634
0.000221895, 0.0919605, 0.0635
0.000231096, 0.0922743, 0.0636
0.000240328, 0.0925741, 0.0637
0.00024959, 0.0928599, 0.0638
0.00025888, 0.0931317, 0.0639
0.000268197, 0.0933894, 0.064
0.00027754, 0.0936331, 0.0641
0.000286907, 0.0938626, 0.0642
0.000296296, 0.094078, 0.0643
0.000305707, 0.0942791, 0.0644
0.000315138, 0.0944661, 0.0645
0.000324587, 0.0946388, 0.0646
0.000334053, 0.0947972, 0.0647
0.000343535, 0.0949413, 0.0648
0.000353031, 0.0950712, 0.0649
0.00036254, 0.0951867, 0.065
0.00037206, 0.0952878, 0.0651
0.00038159, 0.0953746, 0.0652
0.000391128, 0.095447, 0.0653
0.000400673, 0.095505, 0.0654
0.000410224, 0.0955486, 0.0655
0.000419779, 0.0955778, 0.0656
0.000429337, 0.0955927, 0.0657
0.000438896, 0.0955931, 0.0658
0.000448454, 0.0955791, 0.0659
0.000458011, 0.0955507, 0.066
0.000467565, 0.095508, 0.0661
0.000477115, 0.0954508, 0.0662
0.000486658, 0.0953793, 0.0663
0.000496194, 0.0952934, 0.0664
0.000505722, 0.0951931, 0.0665
0.000515239, 0.0950785, 0.0666
0.000524744, 0.0949496, 0.0667
0.000534236, 0.0948064, 0.0668
0.000543714, 0.0946489, 0.0669
0.000553176, 0.0944771, 0.067
0.00056262, 0.0942912, 0.0671
0.000572045, 0.094091, 0.0672
0.00058145, 0.0938766, 0.0673
0.000590834, 0.0936481, 0.0674
0.000600194, 0.0934054, 0.0675
0.00060953, 0.0931487, 0.0676
0.00061884, 0.092878, 0.0677
0.000628123, 0.0925932, 0.0678
0.000637377, 0.0922945, 0.0679
0.000646601, 0.0919819, 0.068
0.000655793, 0.0916554, 0.0681
0.000664953, 0.0913151, 0.0682
0.000674078, 0.0909611, 0.0683
0.000683167, 0.0905933, 0.0684
0.00069222, 0.0902118, 0.0685
0.000701234, 0.0898168, 0.0686
0.000710209, 0.0894081, 0.0687
0.000719142, 0.088986, 0.0688
0.000728033, 0.0885505, 0.0689
0.00073688, 0.0881016, 0.069
0.000745683, 0.0876394, 0.0691
0.000754438, 0.0871639, 0.0692
0.000763146, 0.0866753, 0.0693
0.000771805, 0.0861736, 0.0694
0.000780413, 0.0856589, 0.0695
0.00078897, 0.0851312, 0.0696
0.000797474, 0.0845907, 0.0697
0.000805923, 0.0840373, 0.0698
0.000814317, 0.0834713, 0.0699
0.000822654, 0.0828926, 0.07
0.000830933, 0.0823014, 0.0701
0.000839153, 0.0816977, 0.0702
0.000847312, 0.0810816, 0.0703
0.00085541, 0.0804533, 0.0704
0.000863444, 0.0798127, 0.0705
0.000871414, 0.0791601, 0.0706
0.000879319, 0.0784955, 0.0707
0.000887157, 0.0778189, 0.0708
0.000894927, 0.0771305, 0.0709
0.000902628, 0.0764305, 0.071
0.000910259, 0.0757188, 0.0711
0.000917818, 0.0749956, 0.0712
0.000925305, 0.074261, 0.0713
0.000932718, 0.0735151, 0.0714
0.000940057, 0.0727581, 0.0715
0.00094732, 0.0719899, 0.0716
0.000954505, 0.0712108, 0.0717
0.000961613, 0.0704208, 0.0718
0.000968641, 0.0696201, 0.0719
0.000975589, 0.0688088, 0.072
0.000982456, 0.0679869, 0.0721
0.000989241, 0.0671547, 0.0722
0.000995942, 0.0663122, 0.0723
0.00100256, 0.0654596, 0.0724
0.00100909, 0.0645969, 0.0725
0.00101553, 0.0637244, 0.0726
0.00102189, 0.062842, 0.0727
0.00102816, 0.0619501, 0.0728
0.00103434, 0.0610486, 0.0729
0.00104043, 0.0601377, 0.073
0.00104643, 0.0592176, 0.0731
0.00105233, 0.0582884, 0.0732
0.00105815, 0.0573502, 0.0733
0.00106387, 0.0564031, 0.0734
0.00106949, 0.0554473, 0.0735
0.00107502, 0.054483, 0.0736
0.00108045, 0.0535102, 0.0737
0.00108579, 0.0525291, 0.0738
0.00109102, 0.0515399, 0.0739
0.00109616, 0.0505426, 0.074
0.0011012, 0.0495375, 0.0741
0.00110613, 0.0485247, 0.0742
0.00111097, 0.0475043, 0.0743
0.0011157, 0.0464765, 0.0744
0.00112033, 0.0454414, 0.0745
0.00112486, 0.0443992, 0.0746
0.00112928, 0.04335, 0.0747
0.0011336, 0.042294, 0.0748
0.00113781, 0.0412313, 0.0749
0.00114191, 0.0401621, 0.075
0.00114591, 0.0390866, 0.0751
0.0011498, 0.0380048, 0.0752
0.00115358, 0.036917, 0.0753
0.00115726, 0.0358232, 0.0754
0.00116082, 0.0347238, 0.0755
0.00116427, 0.0336187, 0.0756
0.00116762, 0.0325083, 0.0757
0.00117085, 0.0313926, 0.0758
0.00117397, 0.0302718, 0.0759
0.00117698, 0.029146, 0.076
0.00117987, 0.0280155, 0.0761
0.00118266, 0.0268804, 0.0762
0.00118533, 0.0257409, 0.0763
0.00118788, 0.024597, 0.0764
0.00119032, 0.0234491, 0.0765
0.00119265, 0.0222972, 0.0766
0.00119486, 0.0211415, 0.0767
0.00119695, 0.0199822, 0.0768
0.00119893, 0.0188195, 0.0769
0.00120079, 0.0176535, 0.077
0.00120254, 0.0164843, 0.0771
0.00120417, 0.0153123, 0.0772
0.00120568, 0.0141374, 0.0773
0.00120707, 0.01296, 0.0774
0.00120835, 0.0117801, 0.0775
0.00120951, 0.0105979, 0.0776
0.00121055, 0.00941372, 0.0777
0.00121147, 0.00822757, 0.0778
0.00121227, 0.00703967, 0.0779
0.00121295, 0.0058502, 0.078
0.00121352, 0.00465932, 0.0781
0.00121397, 0.00346721, 0.0782
0.00121429, 0.00227404, 0.0783
0.0012145, 0.00107998, 0.0784
0.00121459, -0.0001148, 0.0785
0.00121456, -0.00131012, 0.0786
0.00121441, -0.00250581, 0.0787
0.00121413, -0.0037017, 0.0788
0.00121374, -0.00489761, 0.0789
0.00121323, -0.00609337, 0.079
0.00121261, -0.00728882, 0.0791
0.00121186, -0.00848377, 0.0792
0.00121099, -0.00967805, 0.0793
0.00121, -0.0108715, 0.0794
0.00120889, -0.0120639, 0.0795
0.00120767, -0.0132552, 0.0796
0.00120632, -0.0144451, 0.0797
0.00120486, -0.0156335, 0.0798
0.00120327, -0.0168201, 0.0799
0.00120157, -0.0180049, 0.08
0.00119975, -0.0191877, 0.0801
0.00119781, -0.0203682, 0.0802
0.00119576, -0.0215464, 0.0803
0.00119358, -0.022722, 0.0804
0.00119129, -0.0238949, 0.0805
0.00118888, -0.0250649, 0.0806
0.00118636, -0.0262318, 0.0807
0.00118371, -0.0273955, 0.0808
0.00118096, -0.0285558, 0.0809
0.00117808, -0.0297126, 0.081
0.00117509, -0.0308656, 0.0811
0.00117198, -0.0320147, 0.0812
0.00116876, -0.0331597, 0.0813
0.00116543, -0.0343005, 0.0814
0.00116198, -0.035437, 0.0815
0.00115842, -0.0365688, 0.0816
0.00115474, -0.0376959, 0.0817
0.00115095, -0.0388182, 0.0818
0.00114705, -0.0399354, 0.0819
0.00114304, -0.0410474, 0.082
0.00113892, -0.042154, 0.0821
0.00113468, -0.0432551, 0.0822
0.00113034, -0.0443505, 0.0823
0.00112589, -0.04544, 0.0824
0.00112133, -0.0465236, 0.0825
0.00111666, -0.0476009, 0.0826
0.00111188, -0.048672, 0.0827
0.00110699, -0.0497366, 0.0828
0.001102, -0.0507946, 0.0829
0.0010969, -0.0518457, 0.083
0.0010917, -0.05289, 0.0831
0.0010864, -0.0539272, 0.0832
0.00108099, -0.0549571, 0.0833
0.00107547, -0.0559797, 0.0834
0.00106986, -0.0569947, 0.0835
0.00106414, -0.0580021, 0.0836
0.00105833, -0.0590016, 0.0837
0.00105241, -0.0599932, 0.0838
0.00104639, -0.0609766, 0.0839
0.00104028, -0.0619519, 0.084
0.00103407, -0.0629187, 0.0841
0.00102776, -0.063877, 0.0842
0.00102136, -0.0648266, 0.0843
0.00101486, -0.0657674, 0.0844
0.00100827, -0.0666993, 0.0845
0.00100158, -0.0676221, 0.0846
0.000994806, -0.0685356, 0.0847
0.000987937, -0.0694399, 0.0848
0.000980979, -0.0703347, 0.0849
0.000973931, -0.0712198, 0.085
0.000966794, -0.0720952, 0.0851
0.000959571, -0.0729608, 0.0852
0.00095226, -0.0738164, 0.0853
0.000944865, -0.0746619, 0.0854
0.000937385, -0.0754971, 0.0855
0.000929822, -0.076322, 0.0856
0.000922176, -0.0771365, 0.0857
0.000914449, -0.0779403, 0.0858
0.000906642, -0.0787334, 0.0859
0.000898756, -0.0795158, 0.086
0.000890792, -0.0802872, 0.0861
0.000882751, -0.0810475, 0.0862
0.000874634, -0.0817967, 0.0863
0.000866442, -0.0825346, 0.0864
0.000858177, -0.0832612, 0.0865
0.000849839, -0.0839763, 0.0866
0.00084143, -0.0846798, 0.0867
0.000832951, -0.0853717, 0.0868
0.000824402, -0.0860517, 0.0869
0.000815786, -0.0867199, 0.087
0.000807104, -0.0873761, 0.0871
0.000798356, -0.0880202, 0.0872
0.000789543, -0.0886522, 0.0873
0.000780668, -0.0892719, 0.0874
0.000771731, -0.0898793, 0.0875
0.000762733, -0.0904743, 0.0876
0.000753677, -0.0910567, 0.0877
0.000744562, -0.0916265, 0.0878
0.00073539, -0.0921837, 0.0879
0.000726163, -0.092728, 0.088
0.000716881, -0.0932596, 0.0881
0.000707547, -0.0937782, 0.0882
0.000698161, -0.0942838, 0.0883
0.000688725, -0.0947764, 0.0884
0.00067924, -0.0952558, 0.0885
0.000669707, -0.095722, 0.0886
0.000660127, -0.0961749, 0.0887
0.000650503, -0.0966144, 0.0888
0.000640834, -0.0970406, 0.0889
0.000631124, -0.0974533, 0.089
0.000621372, -0.0978525, 0.0891
0.000611581, -0.098238, 0.0892
0.000601751, -0.09861, 0.0893
0.000591884, -0.0989682, 0.0894
0.000581982, -0.0993127, 0.0895
0.000572046, -0.0996434, 0.0896
0.000562076, -0.0999602, 0.0897
0.000552076, -0.100263, 0.0898
0.000542045, -0.100552, 0.0899
0.000531985, -0.100827, 0.09
0.000521899, -0.101088, 0.0901
0.000511786, -0.101335, 0.0902
0.000501649, -0.101568, 0.0903
0.000491489, -0.101787, 0.0904
0.000481307, -0.101991, 0.0905
0.000471105, -0.102182, 0.0906
0.000460885, -0.102358, 0.0907
0.000450646, -0.10252, 0.0908
0.000440392, -0.102667, 0.0909
0.000430124, -0.102801, 0.091
0.000419842, -0.10292, 0.0911
0.000409549, -0.103024, 0.0912
0.000399245, -0.103115, 0.0913
0.000388933, -0.103191, 0.0914
0.000378613, -0.103252, 0.0915
0.000368287, -0.1033, 0.0916
0.000357957, -0.103333, 0.0917
0.000347624, -0.103351, 0.0918
0.000337289, -0.103355, 0.0919
0.000326954, -0.103345, 0.092
0.00031662, -0.10332, 0.0921
0.000306289, -0.103281, 0.0922
0.000295963, -0.103228, 0.0923
0.000285641, -0.10316, 0.0924
0.000275327, -0.103078, 0.0925
0.000265021, -0.102981, 0.0926
0.000254725, -0.10287, 0.0927
0.000244441, -0.102745, 0.0928
0.000234169, -0.102605, 0.0929
0.000223912, -0.102451, 0.093
0.00021367, -0.102283, 0.0931
0.000203445, -0.102101, 0.0932
0.000193238, -0.101904, 0.0933
0.000183052, -0.101694, 0.0934
0.000172886, -0.101469, 0.0935
0.000162744, -0.10123, 0.0936
0.000152626, -0.100976, 0.0937
0.000142533, -0.100709, 0.0938
0.000132467, -0.100428, 0.0939
0.000122429, -0.100133, 0.094
0.000112422, -0.0998236, 0.0941
0.000102445, -0.0995005, 0.0942
9.25009e-05, -0.0991636, 0.0943
8.25908e-05, -0.0988129, 0.0944
7.27159e-05, -0.0984484, 0.0945
6.28778e-05, -0.0980702, 0.0946
5.30776e-05, -0.0976784, 0.0947
4.33169e-05, -0.097273, 0.0948
3.3597e-05, -0.0968541, 0.0949
2.39191e-05, -0.0964217, 0.095
1.42847e-05, -0.0959759, 0.0951
4.69517e-06, -0.0955167, 0.0952
-4.84826e-06, -0.0950442, 0.0953
-1.43442e-05, -0.0945586, 0.0954
-2.37914e-05, -0.0940598, 0.0955
-3.31885e-05, -0.0935479, 0.0956
-4.25342e-05, -0.093023, 0.0957
-5.18272e-05, -0.0924852, 0.0958
-6.10662e-05, -0.0919346, 0.0959
-7.02499e-05, -0.0913711, 0.096
-7.9377e-05, -0.090795, 0.0961
-8.84464e-05, -0.0902063, 0.0962
-9.74566e-05, -0.0896051, 0.0963
-0.000106407, -0.0889914, 0.0964
-0.000115295, -0.0883654, 0.0965
-0.00012412, -0.0877271, 0.0966
-0.000132882, -0.0870766, 0.0967
-0.000141578, -0.0864141, 0.0968
-0.000150208, -0.0857396, 0.0969
-0.00015877, -0.0850532, 0.097
-0.000167264, -0.0843551, 0.0971
-0.000175687, -0.0836452, 0.0972
-0.000184039, -0.0829238, 0.0973
-0.000192319, -0.0821909, 0.0974
-0.000200525, -0.0814466, 0.0975
-0.000208657, -0.0806911, 0.0976
-0.000216713, -0.0799244, 0.0977
-0.000224692, -0.0791466, 0.0978
-0.000232593, -0.0783579, 0.0979
-0.000240416, -0.0775584, 0.098
-0.000248158, -0.0767482, 0.0981
-0.000255818, -0.0759274, 0.0982
-0.000263397, -0.0750961, 0.0983
-0.000270892, -0.0742545, 0.0984
-0.000278303, -0.0734026, 0.0985
-0.000285629, -0.0725406, 0.0986
-0.000292868, -0.0716686, 0.0987
-0.00030002, -0.0707868, 0.0988
-0.000307083, -0.0698952, 0.0989
-0.000314058, -0.068994, 0.099
-0.000320942, -0.0680834, 0.0991
-0.000327734, -0.0671633, 0.0992
-0.000334435, -0.0662341, 0.0993
-0.000341042, -0.0652958, 0.0994
-0.000347556, -0.0643485, 0.0995
-0.000353975, -0.0633924, 0.0996
-0.000360297, -0.0624277, 0.0997
-0.000366524, -0.0614544, 0.0998
-0.000372652, -0.0604727, 0.0999
-0.000378683, -0.0594827, 0.1
-0.000384614, -0.0584847, 0.1001
-0.000390446, -0.0574786, 0.1002
-0.000396177, -0.0564648, 0.1003
-0.000401806, -0.0554432, 0.1004
-0.000407333, -0.0544141, 0.1005
-0.000412757, -0.0533777, 0.1006
-0.000418077, -0.052334, 0.1007
-0.000423292, -0.0512832, 0.1008
-0.000428403, -0.0502254, 0.1009
-0.000433407, -0.0491609, 0.101
-0.000438305, -0.0480898, 0.1011
-0.000443096, -0.0470121, 0.1012
-0.000447779, -0.0459282, 0.1013
-0.000452353, -0.044838, 0.1014
-0.000456819, -0.0437419, 0.1015
-0.000461174, -0.0426399, 0.1016
-0.00046542, -0.0415322, 0.1017
-0.000469554, -0.040419, 0.1018
-0.000473577, -0.0393004, 0.1019
-0.000477488, -0.0381765, 0.102
-0.000481287, -0.0370477, 0.1021
-0.000484973, -0.0359139, 0.1022
-0.000488545, -0.0347754, 0.1023
-0.000492003, -0.0336323, 0.1024
-0.000495347, -0.0324848, 0.1025
-0.000498576, -0.0313331, 0.1026
-0.00050169, -0.0301773, 0.1027
-0.000504688, -0.0290176, 0.1028
-0.000507571, -0.0278542, 0.1029
-0.000510336, -0.0266872, 0.103
-0.000512985, -0.0255168, 0.1031
-0.000515517, -0.0243431, 0.1032
-0.000517932, -0.0231664, 0.1033
-0.000520229, -0.0219868, 0.1034
-0.000522408, -0.0208044, 0.1035
-0.000524468, -0.0196195, 0.1036
-0.00052641, -0.0184322, 0.1037
-0.000528234, -0.0172427, 0.1038
-0.000529938, -0.0160511, 0.1039
-0.000531523, -0.0148576, 0.104
-0.000532989, -0.0136625, 0.1041
-0.000534335, -0.0124658, 0.1042
-0.000535561, -0.0112677, 0.1043
-0.000536668, -0.0100685, 0.1044
-0.000537655, -0.00886818, 0.1045
-0.000538522, -0.00766706, 0.1046
-0.000539268, -0.00646527, 0.1047
-0.000539895, -0.00526298, 0.1048
-0.000540401, -0.00406036, 0.1049
-0.000540787, -0.00285758, 0.105
-0.000541052, -0.00165482, 0.1051
-0.000541198, -0.000452244, 0.1052
-0.000541223, 0.000749966, 0.1053
-0.000541128, 0.00195164, 0.1054
-0.000540912, 0.00315261, 0.1055
-0.000540577, 0.0043527, 0.1056
-0.000540122, 0.00555173, 0.1057
-0.000539547, 0.00674954, 0.1058
-0.000538852, 0.00794596, 0.1059
-0.000538037, 0.0091408, 0.106
-0.000537103, 0.0103339, 0.1061
-0.00053605, 0.0115251, 0.1062
-0.000534878, 0.0127142, 0.1063
-0.000533586, 0.0139011, 0.1064
-0.000532177, 0.0150855, 0.1065
-0.000530648, 0.0162673, 0.1066
-0.000529002, 0.0174464, 0.1067
-0.000527238, 0.0186226, 0.1068
-0.000525356, 0.0197956, 0.1069
-0.000523357, 0.0209654, 0.107
-0.000521241, 0.0221317, 0.1071
-0.000519008, 0.0232944, 0.1072
-0.00051666, 0.0244534, 0.1073
-0.000514195, 0.0256084, 0.1074
-0.000511615, 0.0267593, 0.1075
-0.00050892, 0.0279059, 0.1076
-0.00050611, 0.0290481, 0.1077
-0.000503187, 0.0301857, 0.1078
-0.000500149, 0.0313186, 0.1079
-0.000496999, 0.0324465, 0.108
-0.000493735, 0.0335693, 0.1081
-0.00049036, 0.0346869, 0.1082
-0.000486873, 0.0357991, 0.1083
-0.000483275, 0.0369057, 0.1084
-0.000479566, 0.0380065, 0.1085
-0.000475747, 0.0391015, 0.1086
-0.000471819, 0.0401904, 0.1087
-0.000467782, 0.0412732, 0.1088
-0.000463637, 0.0423496, 0.1089
-0.000459384, 0.0434194, 0.109
-0.000455024, 0.0444827, 0.1091
-0.000450559, 0.0455391, 0.1092
-0.000445987, 0.0465885, 0.1093
-0.000441311, 0.0476308, 0.1094
-0.000436531, 0.0486658, 0.1095
-0.000431647, 0.0496935, 0.1096
-0.000426661, 0.0507135, 0.1097
-0.000421573, 0.0517259, 0.1098
-0.000416384, 0.0527303, 0.1099
-0.000411094, 0.0537268, 0.11
-0.000405705, 0.0547152, 0.1101
-0.000400218, 0.0556952, 0.1102
-0.000394632, 0.0566669, 0.1103
-0.00038895, 0.05763, 0.1104
-0.000383171, 0.0585843, 0.1105
-0.000377297, 0.0595298, 0.1106
-0.000371328, 0.0604664, 0.1107
-0.000365266, 0.0613938, 0.1108
-0.000359112, 0.062312, 0.1109
-0.000352866, 0.0632208, 0.111
-0.000346529, 0.0641201, 0.1111
-0.000340102, 0.0650098, 0.1112
-0.000333587, 0.0658897, 0.1113
-0.000326984, 0.0667597, 0.1114
-0.000320293, 0.0676197, 0.1115
-0.000313518, 0.0684696, 0.1116
-0.000306657, 0.0693092, 0.1117
-0.000299712, 0.0701384, 0.1118
-0.000292685, 0.0709572, 0.1119
-0.000285576, 0.0717653, 0.112
-0.000278386, 0.0725627, 0.1121
-0.000271117, 0.0733492, 0.1122
-0.00026377, 0.0741248, 0.1123
-0.000256345, 0.0748893, 0.1124
-0.000248843, 0.0756426, 0.1125
-0.000241267, 0.0763846, 0.1126
-0.000233617, 0.0771152, 0.1127
-0.000225893, 0.0778344, 0.1128
-0.000218098, 0.0785419, 0.1129
-0.000210233, 0.0792377, 0.113
-0.000202298, 0.0799217, 0.1131
-0.000194295, 0.0805938, 0.1132
-0.000186225, 0.0812539, 0.1133
-0.000178089, 0.081902, 0.1134
-0.000169888, 0.0825378, 0.1135
-0.000161624, 0.0831613, 0.1136
-0.000153298, 0.0837725, 0.1137
-0.000144911, 0.0843713, 0.1138
-0.000136465, 0.0849575, 0.1139
-0.00012796, 0.085531, 0.114
-0.000119398, 0.0860919, 0.1141
-0.00011078, 0.0866399, 0.1142
-0.000102107, 0.0871752, 0.1143
-9.3381e-05, 0.0876974, 0.1144
-8.46031e-05, 0.0882067, 0.1145
-7.57745e-05, 0.0887028, 0.1146
-6.68964e-05, 0.0891858, 0.1147
-5.79703e-05, 0.0896556, 0.1148
-4.89975e-05, 0.090112, 0.1149
-3.99792e-05, 0.0905551, 0.115
-3.09168e-05, 0.0909848, 0.1151
-2.18117e-05, 0.091401, 0.1152
-1.26653e-05, 0.0918036, 0.1153
-3.47873e-06, 0.0921926, 0.1154
5.74647e-06, 0.092568, 0.1155
1.5009e-05, 0.0929297, 0.1156
2.43074e-05, 0.0932776, 0.1157
3.36404e-05, 0.0936116, 0.1158
4.30066e-05, 0.0939318, 0.1159
5.24045e-05, 0.0942381, 0.116
6.18329e-05, 0.0945305, 0.1161
7.12902e-05, 0.0948088, 0.1162
8.07752e-05, 0.0950731, 0.1163
9.02863e-05, 0.0953234, 0.1164
9.98222e-05, 0.0955595, 0.1165
0.000109382, 0.0957815, 0.1166
0.000118963, 0.0959893, 0.1167
0.000128565, 0.0961829, 0.1168
0.000138186, 0.0963623, 0.1169
0.000147824, 0.0965275, 0.117
0.000157479, 0.0966783, 0.1171
0.000167149, 0.0968149, 0.1172
0.000176832, 0.0969371, 0.1173
0.000186527, 0.097045, 0.1174
0.000196233, 0.0971385, 0.1175
0.000205948, 0.0972177, 0.1176
0.00021567, 0.0972825, 0.1177
0.000225399, 0.0973329, 0.1178
0.000235132, 0.097369, 0.1179
0.000244869, 0.0973906, 0.118
0.000254608, 0.0973978, 0.1181
0.000264347, 0.0973906, 0.1182
0.000274086, 0.0973691, 0.1183
0.000283822, 0.0973331, 0.1184
0.000293554, 0.0972828, 0.1185
0.000303281, 0.097218, 0.1186
0.000313001, 0.0971389, 0.1187
0.000322713, 0.0970454, 0.1188
0.000332415, 0.0969376, 0.1189
0.000342107, 0.0968155, 0.119
0.000351785, 0.096679, 0.1191
0.00036145, 0.0965282, 0.1192
0.0003711, 0.0963632, 0.1193
0.000380733, 0.0961839, 0.1194
0.000390348, 0.0959905, 0.1195
0.000399943, 0.0957828, 0.1196
0.000409517, 0.0955609, 0.1197
0.000419069, 0.0953249, 0.1198
0.000428597, 0.0950749, 0.1199
0.0004381, 0.0948107, 0.12
0.000447576, 0.0945326, 0.1201
0.000457024, 0.0942405, 0.1202
0.000466442, 0.0939344, 0.1203
0.00047583, 0.0936144, 0.1204
0.000485186, 0.0932806, 0.1205
0.000494508, 0.092933, 0.1206
0.000503795, 0.0925716, 0.1207
0.000513045, 0.0921966, 0.1208
0.000522258, 0.0918079, 0.1209
0.000531432, 0.0914056, 0.121
0.000540565, 0.0909898, 0.1211
0.000549656, 0.0905606, 0.1212
0.000558705, 0.0901179, 0.1213
0.000567708, 0.0896619, 0.1214
0.000576666, 0.0891926, 0.1215
0.000585577, 0.0887101, 0.1216
0.00059444, 0.0882144, 0.1217
0.000603252, 0.0877058, 0.1218
0.000612014, 0.0871841, 0.1219
0.000620723, 0.0866495, 0.122
0.000629378, 0.086102, 0.1221
0.000637979, 0.0855418, 0.1222
0.000646523, 0.0849689, 0.1223
0.00065501, 0.0843835, 0.1224
0.000663438, 0.0837855, 0.1225
0.000671806, 0.0831751, 0.1226
0.000680113, 0.0825524, 0.1227
0.000688357, 0.0819174, 0.1228
0.000696538, 0.0812702, 0.1229
0.000704653, 0.080611, 0.123
0.000712703, 0.0799399, 0.1231
0.000720685, 0.0792568, 0.1232
0.000728599, 0.078562, 0.1233
0.000736443, 0.0778556, 0.1234
0.000744216, 0.0771375, 0.1235
0.000751918, 0.076408, 0.1236
0.000759546, 0.0756672, 0.1237
0.0007671, 0.0749151, 0.1238
0.000774578, 0.0741518, 0.1239
0.00078198, 0.0733775, 0.124
0.000789304, 0.0725923, 0.1241
0.00079655, 0.0717963, 0.1242
0.000803716, 0.0709896, 0.1243
0.000810801, 0.0701723, 0.1244
0.000817804, 0.0693446, 0.1245
0.000824724, 0.0685065, 0.1246
0.000831561, 0.0676583, 0.1247
0.000838312, 0.0667999, 0.1248
0.000844977, 0.0659315, 0.1249
0.000851555, 0.0650534, 0.125
0.000858045, 0.0641654, 0.1251
0.000864447, 0.0632679, 0.1252
0.000870758, 0.062361, 0.1253
0.000876979, 0.0614447, 0.1254
0.000883107, 0.0605192, 0.1255
0.000889143, 0.0595847, 0.1256
0.000895086, 0.0586412, 0.1257
0.000900934, 0.0576889, 0.1258
0.000906687, 0.056728, 0.1259
0.000912343, 0.0557586, 0.126
0.000917902, 0.0547808, 0.1261
0.000923364, 0.0537947, 0.1262
0.000928726, 0.0528006, 0.1263
0.000933989, 0.0517985, 0.1264
0.000939152, 0.0507886, 0.1265
0.000944214, 0.0497711, 0.1266
0.000949174, 0.048746, 0.1267
0.000954031, 0.0477136, 0.1268
0.000958784, 0.046674, 0.1269
0.000963434, 0.0456273, 0.127
0.000967979, 0.0445737, 0.1271
0.000972419, 0.0435133, 0.1272
0.000976752, 0.0424463, 0.1273
0.000980978, 0.0413729, 0.1274
0.000985097, 0.0402931, 0.1275
0.000989108, 0.0392073, 0.1276
0.000993011, 0.0381154, 0.1277
0.000996804, 0.0370177, 0.1278
0.00100049, 0.0359143, 0.1279
0.00100406, 0.0348055, 0.128
0.00100752, 0.0336912, 0.1281
0.00101087, 0.0325718, 0.1282
0.00101411, 0.0314474, 0.1283
0.00101724, 0.0303181, 0.1284
0.00102025, 0.0291841, 0.1285
0.00102315, 0.0280455, 0.1286
0.00102593, 0.0269026, 0.1287
0.0010286, 0.0257554, 0.1288
0.00103116, 0.0246042, 0.1289
0.0010336, 0.0234492, 0.129
0.00103593, 0.0222904, 0.1291
0.00103814, 0.0211281, 0.1292
0.00104023, 0.0199624, 0.1293
0.00104221, 0.0187934, 0.1294
0.00104407, 0.0176215, 0.1295
0.00104581, 0.0164467, 0.1296
0.00104743, 0.0152691, 0.1297
0.00104894, 0.0140891, 0.1298
0.00105033, 0.0129067, 0.1299
0.0010516, 0.011722, 0.13
0.00105275, 0.0105354, 0.1301
0.00105379, 0.00934692, 0.1302
0.0010547, 0.00815676, 0.1303
0.0010555, 0.00696509, 0.1304
0.00105617, 0.00577209, 0.1305
0.00105673, 0.00457793, 0.1306
0.00105717, 0.00338277, 0.1307
0.00105749, 0.0021868, 0.1308
0.00105768, 0.000990186, 0.1309
0.00105776, -0.000206903, 0.131
0.00105772, -0.00140429, 0.1311
0.00105756, -0.00260181, 0.1312
0.00105728, -0.00379927, 0.1313
0.00105688, -0.00499652, 0.1314
0.00105636, -0.00619338, 0.1315
0.00105572, -0.00738968, 0.1316
0.00105496, -0.00858523, 0.1317
0.00105409, -0.00977988, 0.1318
0.00105309, -0.0109734, 0.1319
0.00105197, -0.0121658, 0.132
0.00105073, -0.0133566, 0.1321
0.00104938, -0.0145459, 0.1322
0.0010479, -0.0157335, 0.1323
0.00104631, -0.016919, 0.1324
0.0010446, -0.0181025, 0.1325
0.00104277, -0.0192837, 0.1326
0.00104082, -0.0204624, 0.1327
0.00103876, -0.0216385, 0.1328
0.00103657, -0.0228118, 0.1329
0.00103427, -0.0239822, 0.133
0.00103185, -0.0251494, 0.1331
0.00102932, -0.0263134, 0.1332
0.00102667, -0.0274738, 0.1333
0.0010239, -0.0286306, 0.1334
0.00102102, -0.0297837, 0.1335
0.00101802, -0.0309327, 0.1336
0.00101491, -0.0320776, 0.1337
0.00101168, -0.0332183, 0.1338
0.00100834, -0.0343544, 0.1339
0.00100489, -0.0354859, 0.134
0.00100132, -0.0366127, 0.1341
0.000997642, -0.0377345, 0.1342
0.00099385, -0.0388511, 0.1343
0.000989946, -0.0399625, 0.1344
0.000985931, -0.0410685, 0.1345
0.000981806, -0.0421689, 0.1346
0.000977571, -0.0432635, 0.1347
0.000973227, -0.0443522, 0.1348
0.000968774, -0.0454348, 0.1349
0.000964212, -0.0465112, 0.135
0.000959544, -0.0475812, 0.1351
0.000954768, -0.0486447, 0.1352
0.000949886, -0.0497015, 0.1353
0.000944898, -0.0507515, 0.1354
0.000939806, -0.0517944, 0.1355
0.000934609, -0.0528302, 0.1356
0.000929309, -0.0538588, 0.1357
0.000923906, -0.0548799, 0.1358
0.000918402, -0.0558933, 0.1359
0.000912796, -0.0568991, 0.136
0.000907089, -0.057897, 0.1361
0.000901283, -0.0588868, 0.1362
0.000895378, -0.0598685, 0.1363
0.000889375, -0.0608419, 0.1364
0.000883275, -0.0618068, 0.1365
0.000877079, -0.0627632, 0.1366
0.000870787, -0.0637108, 0.1367
0.0008644, -0.0646495, 0.1368
0.00085792, -0.0655793, 0.1369
0.000851347, -0.0664999, 0.137
0.000844682, -0.0674113, 0.1371
0.000837926, -0.0683132, 0.1372
0.00083108, -0.0692056, 0.1373
0.000824145, -0.0700884, 0.1374
0.000817122, -0.0709614, 0.1375
0.000810011, -0.0718245, 0.1376
0.000802815, -0.0726775, 0.1377
0.000795533, -0.0735204, 0.1378
0.000788168, -0.074353, 0.1379
0.000780719, -0.0751752, 0.138
0.000773188, -0.0759869, 0.1381
0.000765576, -0.0767879, 0.1382
0.000757885, -0.0775782, 0.1383
0.000750114, -0.0783577, 0.1384
0.000742266, -0.0791261, 0.1385
0.000734341, -0.0798835, 0.1386
0.00072634, -0.0806297, 0.1387
0.000718265, -0.0813645, 0.1388
0.000710117, -0.082088, 0.1389
0.000701896, -0.0827999, 0.139
0.000693605, -0.0835003, 0.1391
0.000685244, -0.0841888, 0.1392
0.000676814, -0.0848656, 0.1393
0.000668316, -0.0855305, 0.1394
0.000659753, -0.0861833, 0.1395
0.000651124, -0.0868241, 0.1396
0.000642431, -0.0874526, 0.1397
0.000633676, -0.0880688, 0.1398
0.00062486, -0.0886727, 0.1399
0.000615983, -0.0892641, 0.14
0.000607047, -0.0898429, 0.1401
0.000598053, -0.0904092, 0.1402
0.000589004, -0.0909626, 0.1403
0.000579899, -0.0915033, 0.1404
0.00057074, -0.0920311, 0.1405
0.000561528, -0.092546, 0.1406
0.000552266, -0.0930478, 0.1407
0.000542953, -0.0935366, 0.1408
0.000533592, -0.0940121, 0.1409
0.000524183, -0.0944744, 0.141
0.000514729, -0.0949235, 0.1411
0.000505229, -0.0953591, 0.1412
0.000495687, -0.0957813, 0.1413
0.000486102, -0.09619, 0.1414
0.000476477, -0.0965852, 0.1415
0.000466812, -0.0969667, 0.1416
0.00045711, -0.0973346, 0.1417
0.000447371, -0.0976888, 0.1418
0.000437596, -0.0980292, 0.1419
0.000427788, -0.0983557, 0.142
0.000417948, -0.0986684, 0.1421
0.000408077, -0.0989672, 0.1422
0.000398175, -0.099252, 0.1423
0.000388246, -0.0995228, 0.1424
0.00037829, -0.0997796, 0.1425
0.000368308, -0.100022, 0.1426
0.000358302, -0.100251, 0.1427
0.000348274, -0.100465, 0.1428
0.000338225, -0.100666, 0.1429
0.000328155, -0.100852, 0.143
0.000318068, -0.101024, 0.1431
0.000307963, -0.101181, 0.1432
0.000297843, -0.101325, 0.1433
0.000287708, -0.101454, 0.1434
0.000277562, -0.101568, 0.1435
0.000267403, -0.101669, 0.1436
0.000257235, -0.101755, 0.1437
0.000247059, -0.101826, 0.1438
0.000236876, -0.101884, 0.1439
0.000226687, -0.101926, 0.144
0.000216494, -0.101955, 0.1441
0.000206299, -0.101969, 0.1442
0.000196103, -0.101969, 0.1443
0.000185906, -0.101954, 0.1444
0.000175712, -0.101925, 0.1445
0.00016552, -0.101882, 0.1446
0.000155333, -0.101824, 0.1447
0.000145153, -0.101752, 0.1448
0.000134979, -0.101665, 0.1449
0.000124815, -0.101564, 0.145
0.000114661, -0.101449, 0.1451
0.000104518, -0.101319, 0.1452
9.43893e-05, -0.101175, 0.1453
8.42747e-05, -0.101017, 0.1454
7.41763e-05, -0.100845, 0.1455
6.40953e-05, -0.100658, 0.1456
5.40332e-05, -0.100457, 0.1457
4.39915e-05, -0.100242, 0.1458
3.39715e-05, -0.100013, 0.1459
2.39746e-05, -0.0997694, 0.146
1.40023e-05, -0.0995119, 0.1461
4.05605e-06, -0.0992404, 0.1462
-5.86287e-06, -0.098955, 0.1463
-1.5753e-05, -0.0986555, 0.1464
-2.5613e-05, -0.0983421, 0.1465
-3.54414e-05, -0.0980149, 0.1466
-4.52368e-05, -0.0976738, 0.1467
-5.49979e-05, -0.0973189, 0.1468
-6.47233e-05, -0.0969503, 0.1469
-7.44115e-05, -0.096568, 0.147
-8.40614e-05, -0.0961721, 0.1471
-9.36714e-05, -0.0957626, 0.1472
-0.00010324, -0.0953396, 0.1473
-0.000112767, -0.0949032, 0.1474
-0.000122249, -0.0944533, 0.1475
-0.000131686, -0.0939902, 0.1476
-0.000141077, -0.0935138, 0.1477
-0.00015042, -0.0930242, 0.1478
-0.000159714, -0.0925215, 0.1479
-0.000168957, -0.0920057, 0.148
-0.000178148, -0.091477, 0.1481
-0.000187286, -0.0909354, 0.1482
-0.00019637, -0.0903809, 0.1483
-0.000205399, -0.0898137, 0.1484
-0.00021437, -0.0892339, 0.1485
-0.000223283, -0.0886415, 0.1486
-0.000232137, -0.0880366, 0.1487
-0.00024093, -0.0874193, 0.1488
-0.000249661, -0.0867897, 0.1489
-0.000258329, -0.0861478, 0.149
-0.000266932, -0.0854939, 0.1491
-0.00027547, -0.0848279, 0.1492
-0.000283942, -0.0841499, 0.1493
-0.000292345, -0.0834601, 0.1494
-0.000300679, -0.0827586, 0.1495
-0.000308942, -0.0820454, 0.1496
-0.000317134, -0.0813207, 0.1497
-0.000325254, -0.0805845, 0.1498
-0.0003333, -0.079837, 0.1499
-0.00034127, -0.0790783, 0.15
-0.000349165, -0.0783085, 0.1501
-0.000356983, -0.0775277, 0.1502
-0.000364722, -0.0767359, 0.1503
-0.000372382, -0.0759334, 0.1504
-0.000379961, -0.0751203, 0.1505
-0.000387459, -0.0742965, 0.1506
-0.000394875, -0.0734624, 0.1507
-0.000402206, -0.072618, 0.1508
-0.000409454, -0.0717633, 0.1509
-0.000416615, -0.0708986, 0.151
-0.00042369, -0.070024, 0.1511
-0.000430678, -0.0691395, 0.1512
-0.000437576, -0.0682454, 0.1513
-0.000444386, -0.0673417, 0.1514
-0.000451104, -0.0664285, 0.1515
-0.000457731, -0.0655061, 0.1516
-0.000464266, -0.0645745, 0.1517
-0.000470708, -0.0636339, 0.1518
-0.000477055, -0.0626843, 0.1519
-0.000483307, -0.061726, 0.152
-0.000489463, -0.0607591, 0.1521
-0.000495523, -0.0597837, 0.1522
-0.000501485, -0.0588, 0.1523
-0.000507348, -0.0578081, 0.1524
-0.000513112, -0.0568081, 0.1525
-0.000518775, -0.0558002, 0.1526
-0.000524338, -0.0547845, 0.1527
-0.000529799, -0.0537612, 0.1528
-0.000535158, -0.0527304, 0.1529
-0.000540414, -0.0516923, 0.153
-0.000545565, -0.050647, 0.1531
-0.000550612, -0.0495947, 0.1532
-0.000555554, -0.0485355, 0.1533
-0.000560389, -0.0474696, 0.1534
-0.000565118, -0.0463971, 0.1535
-0.00056974, -0.0453181, 0.1536
-0.000574253, -0.044233, 0.1537
-0.000578658, -0.0431417, 0.1538
-0.000582954, -0.0420444, 0.1539
-0.000587139, -0.0409414, 0.154
-0.000591215, -0.0398327, 0.1541
-0.000595179, -0.0387186, 0.1542
-0.000599032, -0.0375991, 0.1543
-0.000602773, -0.0364745, 0.1544
-0.000606402, -0.0353449, 0.1545
-0.000609917, -0.0342105, 0.1546
-0.000613319, -0.0330714, 0.1547
-0.000616607, -0.0319278, 0.1548
-0.00061978, -0.0307799, 0.1549
-0.000622839, -0.0296277, 0.155
-0.000625782, -0.0284716, 0.1551
-0.00062861, -0.0273117, 0.1552
-0.000631322, -0.026148, 0.1553
-0.000633917, -0.0249809, 0.1554
-0.000636395, -0.0238104, 0.1555
-0.000638757, -0.0226367, 0.1556
-0.000641001, -0.0214601, 0.1557
-0.000643127, -0.0202806, 0.1558
-0.000645135, -0.0190984, 0.1559
-0.000647025, -0.0179138, 0.156
-0.000648796, -0.0167268, 0.1561
-0.000650449, -0.0155376, 0.1562
-0.000651983, -0.0143465, 0.1563
-0.000653398, -0.0131536, 0.1564
-0.000654693, -0.011959, 0.1565
-0.000655869, -0.010763, 0.1566
-0.000656925, -0.00956569, 0.1567
-0.000657862, -0.00836724, 0.1568
-0.000658678, -0.00716784, 0.1569
-0.000659375, -0.00596767, 0.157
-0.000659952, -0.00476688, 0.1571
-0.000660408, -0.00356566, 0.1572
-0.000660745, -0.00236418, 0.1573
-0.000660961, -0.00116262, 0.1574
-0.000661057, 3.88656e-05, 0.1575
-0.000661033, 0.00124009, 0.1576
-0.000660889, 0.00244088, 0.1577
-0.000660625, 0.00364108, 0.1578
-0.000660241, 0.00484049, 0.1579
-0.000659737, 0.00603896, 0.158
-0.000659113, 0.00723631, 0.1581
-0.000658369, 0.00843236, 0.1582
-0.000657506, 0.00962695, 0.1583
-0.000656523, 0.0108199, 0.1584
-0.000655422, 0.0120111, 0.1585
-0.000654201, 0.0132002, 0.1586
-0.000652861, 0.0143872, 0.1587
-0.000651402, 0.0155719, 0.1588
-0.000649825, 0.0167541, 0.1589
-0.00064813, 0.0179337, 0.159
-0.000646317, 0.0191104, 0.1591
-0.000644387, 0.0202841, 0.1592
-0.000642339, 0.0214547, 0.1593
-0.000640174, 0.0226219, 0.1594
-0.000637892, 0.0237856, 0.1595
-0.000635495, 0.0249456, 0.1596
-0.000632981, 0.0261018, 0.1597
-0.000630351, 0.027254, 0.1598
-0.000627607, 0.028402, 0.1599
-0.000624748, 0.0295457, 0.16
-0.000621774, 0.0306849, 0.1601
-0.000618687, 0.0318194, 0.1602
-0.000615486, 0.0329491, 0.1603
-0.000612173, 0.0340738, 0.1604
-0.000608747, 0.0351933, 0.1605
-0.000605209, 0.0363076, 0.1606
-0.00060156, 0.0374164, 0.1607
-0.0005978, 0.0385195, 0.1608
-0.000593929, 0.0396168, 0.1609
-0.00058995, 0.0407082, 0.161
-0.000585861, 0.0417935, 0.1611
-0.000581664, 0.0428725, 0.1612
-0.000577359, 0.0439452, 0.1613
-0.000572946, 0.0450112, 0.1614
-0.000568428, 0.0460705, 0.1615
-0.000563803, 0.047123, 0.1616
-0.000559074, 0.0481684, 0.1617
-0.00055424, 0.0492066, 0.1618
-0.000549302, 0.0502375, 0.1619
-0.000544261, 0.051261, 0.162
-0.000539118, 0.0522768, 0.1621
-0.000533874, 0.0532848, 0.1622
-0.000528529, 0.054285, 0.1623
-0.000523084, 0.055277, 0.1624
-0.00051754, 0.0562609, 0.1625
-0.000511898, 0.0572364, 0.1626
-0.000506158, 0.0582035, 0.1627
-0.000500322, 0.0591619, 0.1628
-0.00049439, 0.0601116, 0.1629
-0.000488364, 0.0610524, 0.163
-0.000482243, 0.0619841, 0.1631
-0.000476029, 0.0629067, 0.1632
-0.000469724, 0.06382, 0.1633
-0.000463327, 0.0647239, 0.1634
-0.00045684, 0.0656182, 0.1635
-0.000450263, 0.0665028, 0.1636
-0.000443599, 0.0673776, 0.1637
-0.000436847, 0.0682425, 0.1638
-0.000430008, 0.0690973, 0.1639
-0.000423085, 0.0699419, 0.164
-0.000416077, 0.0707762, 0.1641
-0.000408986, 0.0716001, 0.1642
-0.000401813, 0.0724134, 0.1643
-0.000394558, 0.0732161, 0.1644
-0.000387223, 0.074008, 0.1645
-0.00037981, 0.074789, 0.1646
-0.000372318, 0.075559, 0.1647
-0.00036475, 0.0763179, 0.1648
-0.000357106, 0.0770656, 0.1649
-0.000349387, 0.0778019, 0.165
-0.000341595, 0.0785268, 0.1651
-0.000333731, 0.0792401, 0.1652
-0.000325796, 0.0799419, 0.1653
-0.00031779, 0.0806318, 0.1654
-0.000309716, 0.0813099, 0.1655
-0.000301574, 0.0819761, 0.1656
-0.000293366, 0.0826303, 0.1657
-0.000285092, 0.0832723, 0.1658
-0.000276755, 0.0839021, 0.1659
-0.000268355, 0.0845196, 0.166
-0.000259893, 0.0851246, 0.1661
-0.000251371, 0.0857172, 0.1662
-0.00024279, 0.0862972, 0.1663
-0.000234151, 0.0868646, 0.1664
-0.000225456, 0.0874192, 0.1665
-0.000216705, 0.087961, 0.1666
-0.0002079, 0.0884899, 0.1667
-0.000199043, 0.0890058, 0.1668
-0.000190134, 0.0895087, 0.1669
-0.000181176, 0.0899985, 0.167
-0.000172168, 0.0904751, 0.1671
-0.000163113, 0.0909384, 0.1672
-0.000154012, 0.0913884, 0.1673
-0.000144866, 0.091825, 0.1674
-0.000135677, 0.0922482, 0.1675
-0.000126446, 0.0926578, 0.1676
-0.000117174, 0.0930539, 0.1677
-0.000107862, 0.0934364, 0.1678
-9.85128e-05, 0.0938051, 0.1679
-8.91267e-05, 0.0941602, 0.168
-7.97053e-05, 0.0945014, 0.1681
-7.02501e-05, 0.0948288, 0.1682
-6.07623e-05, 0.0951424, 0.1683
-5.12434e-05, 0.095442, 0.1684
-4.16948e-05, 0.0957276, 0.1685
-3.21178e-05, 0.0959992, 0.1686
-2.25139e-05, 0.0962568, 0.1687
-1.28845e-05, 0.0965003, 0.1688
-3.23104e-06, 0.0967297, 0.1689
6.44517e-06, 0.0969449, 0.169
1.61427e-05, 0.0971459, 0.1691
2.586e-05, 0.0973328, 0.1692
3.55958e-05, 0.0975054, 0.1693
4.53487e-05, 0.0976637, 0.1694
5.51171e-05, 0.0978077, 0.1695
6.48997e-05, 0.0979374, 0.1696
7.4695e-05, 0.0980528, 0.1697
8.45016e-05, 0.0981539, 0.1698
9.4318e-05, 0.0982406, 0.1699
0.000104143, 0.0983129, 0.17
0.000113975, 0.0983709, 0.1701
0.000123812, 0.0984144, 0.1702
0.000133654, 0.0984436, 0.1703
0.000143498, 0.0984584, 0.1704
0.000153344, 0.0984588, 0.1705
0.000163189, 0.0984447, 0.1706
0.000173033, 0.0984163, 0.1707
0.000182873, 0.0983735, 0.1708
0.000192709, 0.0983163, 0.1709
0.000202539, 0.0982447, 0.171
0.000212362, 0.0981588, 0.1711
0.000222176, 0.0980585, 0.1712
0.000231979, 0.0979439, 0.1713
0.000241771, 0.0978149, 0.1714
0.00025155, 0.0976717, 0.1715
0.000261314, 0.0975141, 0.1716
0.000271062, 0.0973423, 0.1717
0.000280793, 0.0971563, 0.1718
0.000290505, 0.096956, 0.1719
0.000300197, 0.0967416, 0.172
0.000309867, 0.096513, 0.1721
0.000319513, 0.0962703, 0.1722
0.000329136, 0.0960135, 0.1723
0.000338732, 0.0957427, 0.1724
0.000348301, 0.0954579, 0.1725
0.000357842, 0.0951591, 0.1726
0.000367352, 0.0948464, 0.1727
0.000376831, 0.0945199, 0.1728
0.000386277, 0.0941795, 0.1729
0.000395689, 0.0938253, 0.173
0.000405065, 0.0934574, 0.1731
0.000414404, 0.0930758, 0.1732
0.000423704, 0.0926806, 0.1733
0.000432965, 0.0922718, 0.1734
0.000442185, 0.0918496, 0.1735
0.000451362, 0.0914139, 0.1736
0.000460496, 0.0909648, 0.1737
0.000469584, 0.0905024, 0.1738
0.000478626, 0.0900268, 0.1739
0.00048762, 0.089538, 0.174
0.000496565, 0.0890361, 0.1741
0.00050546, 0.0885211, 0.1742
0.000514303, 0.0879932, 0.1743
0.000523093, 0.0874524, 0.1744
0.000531829, 0.0868988, 0.1745
0.000540509, 0.0863325, 0.1746
0.000549132, 0.0857535, 0.1747
0.000557697, 0.085162, 0.1748
0.000566203, 0.084558, 0.1749
0.000574648, 0.0839416, 0.175
0.000583031, 0.0833129, 0.1751
0.000591352, 0.082672, 0.1752
0.000599608, 0.082019, 0.1753
0.000607798, 0.081354, 0.1754
0.000615922, 0.080677, 0.1755
0.000623978, 0.0799882, 0.1756
0.000631965, 0.0792877, 0.1757
0.000639881, 0.0785756, 0.1758
0.000647726, 0.0778519, 0.1759
0.000655499, 0.0771168, 0.176
0.000663198, 0.0763704, 0.1761
0.000670822, 0.0756128, 0.1762
0.00067837, 0.0748441, 0.1763
0.000685841, 0.0740644, 0.1764
0.000693234, 0.0732739, 0.1765
0.000700548, 0.0724725, 0.1766
0.000707781, 0.0716606, 0.1767
0.000714933, 0.0708381, 0.1768
0.000722003, 0.0700052, 0.1769
0.000728989, 0.069162, 0.177
0.000735891, 0.0683087, 0.1771
0.000742707, 0.0674453, 0.1772
0.000749437, 0.066572, 0.1773
0.000756079, 0.0656888, 0.1774
0.000762633, 0.0647961, 0.1775
0.000769097, 0.0638938, 0.1776
0.000775471, 0.0629821, 0.1777
0.000781753, 0.0620611, 0.1778
0.000787944, 0.0611309, 0.1779
0.000794041, 0.0601918, 0.178
0.000800044, 0.0592438, 0.1781
0.000805952, 0.058287, 0.1782
0.000811764, 0.0573217, 0.1783
0.00081748, 0.0563479, 0.1784
0.000823098, 0.0553658, 0.1785
0.000828618, 0.0543755, 0.1786
0.000834039, 0.0533771, 0.1787
0.000839359, 0.0523709, 0.1788
0.000844579, 0.051357, 0.1789
0.000849698, 0.0503354, 0.179
0.000854714, 0.0493064, 0.1791
0.000859627, 0.0482701, 0.1792
0.000864436, 0.0472266, 0.1793
0.000869141, 0.0461761, 0.1794
0.000873741, 0.0451188, 0.1795
0.000878235, 0.0440548, 0.1796
0.000882622, 0.0429842, 0.1797
0.000886903, 0.0419073, 0.1798
0.000891075, 0.0408241, 0.1799
0.000895139, 0.0397348, 0.18
0.000899094, 0.0386396, 0.1801
0.00090294, 0.0375386, 0.1802
0.000906675, 0.0364321, 0.1803
0.000910299, 0.0353201, 0.1804
0.000913812, 0.0342028, 0.1805
0.000917214, 0.0330803, 0.1806
0.000920503, 0.031953, 0.1807
0.000923679, 0.0308208, 0.1808
0.000926742, 0.0296839, 0.1809
0.000929691, 0.0285427, 0.181
0.000932526, 0.027397, 0.1811
0.000935247, 0.0262473, 0.1812
0.000937852, 0.0250936, 0.1813
0.000940342, 0.023936, 0.1814
0.000942716, 0.0227748, 0.1815
0.000944974, 0.0216102, 0.1816
0.000947115, 0.0204422, 0.1817
0.00094914, 0.0192711, 0.1818
0.000951047, 0.018097, 0.1819
0.000952837, 0.0169201, 0.182
0.000954509, 0.0157406, 0.1821
0.000956064, 0.0145586, 0.1822
0.0009575, 0.0133744, 0.1823
0.000958817, 0.012188, 0.1824
0.000960016, 0.0109996, 0.1825
0.000961096, 0.00980948, 0.1826
0.000962057, 0.00861775, 0.1827
0.000962899, 0.00742458, 0.1828
0.000963621, 0.00623014, 0.1829
0.000964224, 0.00503461, 0.183
0.000964708, 0.00383816, 0.1831
0.000965071, 0.00264097, 0.1832
0.000965315, 0.0014432, 0.1833
0.00096544, 0.000245028, 0.1834
0.000965444, -0.000953373, 0.1835
0.000965329, -0.00215183, 0.1836
0.000965094, -0.00335017, 0.1837
0.000964739, -0.00454822, 0.1838
0.000964264, -0.00574581, 0.1839
0.000963669, -0.00694277, 0.184
0.000962955, -0.00813892, 0.1841
0.000962121, -0.00933409, 0.1842
0.000961168, -0.0105281, 0.1843
0.000960095, -0.0117208, 0.1844
0.000958903, -0.012912, 0.1845
0.000957592, -0.0141015, 0.1846
0.000956162, -0.0152892, 0.1847
0.000954613, -0.0164749, 0.1848
0.000952946, -0.0176584, 0.1849
0.000951161, -0.0188396, 0.185
0.000949257, -0.0200182, 0.1851
0.000947236, -0.0211941, 0.1852
0.000945097, -0.0223672, 0.1853
0.00094284, -0.0235372, 0.1854
0.000940467, -0.0247041, 0.1855
0.000937977, -0.0258675, 0.1856
0.000935371, -0.0270275, 0.1857
0.000932649, -0.0281837, 0.1858
0.000929812, -0.0293361, 0.1859
0.000926859, -0.0304844, 0.186
0.000923792, -0.0316286, 0.1861
0.00092061, -0.0327683, 0.1862
0.000917314, -0.0339036, 0.1863
0.000913905, -0.0350341, 0.1864
0.000910383, -0.0361598, 0.1865
0.000906748, -0.0372805, 0.1866
0.000903002, -0.038396, 0.1867
0.000899144, -0.0395061, 0.1868
0.000895175, -0.0406107, 0.1869
0.000891095, -0.0417097, 0.187
0.000886906, -0.0428029, 0.1871
0.000882608, -0.0438901, 0.1872
0.000878201, -0.0449711, 0.1873
0.000873686, -0.0460459, 0.1874
0.000869064, -0.0471142, 0.1875
0.000864335, -0.0481759, 0.1876
0.0008595, -0.0492309, 0.1877
0.000854559, -0.050279, 0.1878
0.000849514, -0.05132, 0.1879
0.000844365, -0.0523538, 0.188
0.000839113, -0.0533803, 0.1881
0.000833758, -0.0543992, 0.1882
0.000828301, -0.0554105, 0.1883
0.000822744, -0.056414, 0.1884
0.000817086, -0.0574096, 0.1885
0.000811328, -0.0583971, 0.1886
0.000805473, -0.0593764, 0.1887
0.000799519, -0.0603473, 0.1888
0.000793468, -0.0613096, 0.1889
0.000787322, -0.0622634, 0.189
0.00078108, -0.0632084, 0.1891
0.000774743, -0.0641444, 0.1892
0.000768314, -0.0650714, 0.1893
0.000761791, -0.0659892, 0.1894
0.000755178, -0.0668977, 0.1895
0.000748473, -0.0677967, 0.1896
0.000741679, -0.0686862, 0.1897
0.000734796, -0.0695659, 0.1898
0.000727825, -0.0704358, 0.1899
0.000720767, -0.0712958, 0.19
0.000713623, -0.0721456, 0.1901
0.000706395, -0.0729853, 0.1902
0.000699083, -0.0738146, 0.1903
0.000691688, -0.0746335, 0.1904
0.000684211, -0.0754418, 0.1905
0.000676654, -0.0762394, 0.1906
0.000669017, -0.0770262, 0.1907
0.000661302, -0.0778022, 0.1908
0.000653509, -0.0785671, 0.1909
0.00064564, -0.0793208, 0.191
0.000637696, -0.0800633, 0.1911
0.000629678, -0.0807945, 0.1912
0.000621587, -0.0815142, 0.1913
0.000613424, -0.0822224, 0.1914
0.00060519, -0.0829189, 0.1915
0.000596887, -0.0836036, 0.1916
0.000588516, -0.0842765, 0.1917
0.000580077, -0.0849374, 0.1918
0.000571573, -0.0855863, 0.1919
0.000563004, -0.086223, 0.192
0.000554372, -0.0868475, 0.1921
0.000545677, -0.0874596, 0.1922
0.000536921, -0.0880593, 0.1923
0.000528106, -0.0886466, 0.1924
0.000519232, -0.0892212, 0.1925
0.000510301, -0.0897832, 0.1926
0.000501313, -0.0903324, 0.1927
0.000492272, -0.0908688, 0.1928
0.000483176, -0.0913923, 0.1929
0.000474029, -0.0919028, 0.193
0.000464831, -0.0924002, 0.1931
0.000455583, -0.0928845, 0.1932
0.000446287, -0.0933556, 0.1933
0.000436944, -0.0938135, 0.1934
0.000427555, -0.094258, 0.1935
0.000418123, -0.0946891, 0.1936
0.000408647, -0.0951067, 0.1937
0.00039913, -0.0955109, 0.1938
0.000389573, -0.0959014, 0.1939
0.000379977, -0.0962783, 0.194
0.000370343, -0.0966415, 0.1941
0.000360674, -0.096991, 0.1942
0.000350969, -0.0973267, 0.1943
0.000341232, -0.0976486, 0.1944
0.000331462, -0.0979565, 0.1945
0.000321662, -0.0982506, 0.1946
0.000311832, -0.0985306, 0.1947
0.000301975, -0.0987967, 0.1948
0.000292092, -0.0990486, 0.1949
0.000282183, -0.0992865, 0.195
0.000272251, -0.0995103, 0.1951
0.000262297, -0.0997199, 0.1952
0.000252322, -0.0999154, 0.1953
0.000242328, -0.100097, 0.1954
0.000232316, -0.100264, 0.1955
0.000222287, -0.100416, 0.1956
0.000212244, -0.100555, 0.1957
0.000202186, -0.100679, 0.1958
0.000192117, -0.100789, 0.1959
0.000182037, -0.100884, 0.196
0.000171948, -0.100965, 0.1961
0.00016185, -0.101032, 0.1962
0.000151747, -0.101084, 0.1963
0.000141638, -0.101122, 0.1964
0.000131526, -0.101146, 0.1965
0.000121411, -0.101155, 0.1966
0.000111296, -0.10115, 0.1967
0.000101182, -0.10113, 0.1968
9.10699e-05, -0.101096, 0.1969
8.09615e-05, -0.101047, 0.197
7.08582e-05, -0.100985, 0.1971
6.07614e-05, -0.100908, 0.1972
5.06725e-05, -0.100816, 0.1973
4.0593e-05, -0.10071, 0.1974
3.05244e-05, -0.10059, 0.1975
2.0468e-05, -0.100455, 0.1976
1.04253e-05, -0.100307, 0.1977
3.97759e-07, -0.100143, 0.1978
-9.61326e-06, -0.0999661, 0.1979
-1.96063e-05, -0.0997745, 0.198
-2.958e-05, -0.0995688, 0.1981
-3.95328e-05, -0.0993488, 0.1982
-4.94634e-05, -0.0991147, 0.1983
-5.93704e-05, -0.0988665, 0.1984
-6.92523e-05, -0.0986043, 0.1985
-7.91077e-05, -0.098328, 0.1986
-8.89353e-05, -0.0980377, 0.1987
-9.87337e-05, -0.0977334, 0.1988
-0.000108501, -0.0974153, 0.1989
-0.000118237, -0.0970833, 0.199
-0.000127939, -0.0967375, 0.1991
-0.000137607, -0.0963779, 0.1992
-0.000147238, -0.0960046, 0.1993
-0.000156831, -0.0956176, 0.1994
-0.000166386, -0.095217, 0.1995
-0.000175901, -0.0948029, 0.1996
-0.000185373, -0.0943753, 0.1997
-0.000194803, -0.0939343, 0.1998
-0.000204189, -0.0934799, 0.1999
-0.000213528, -0.0930122, 0.2
-0.000222821, -0.0925313, 0.2001
-0.000232066, -0.0920373, 0.2002
-0.000241261, -0.0915301, 0.2003
-0.000250405, -0.0910099, 0.2004
-0.000259497, -0.0904768, 0.2005
-0.000268535, -0.0899308, 0.2006
-0.000277518, -0.089372, 0.2007
-0.000286445, -0.0888006, 0.2008
-0.000295315, -0.0882165, 0.2009
-0.000304127, -0.0876198, 0.201
-0.000312878, -0.0870107, 0.2011
-0.000321569, -0.0863893, 0.2012
-0.000330197, -0.0857555, 0.2013
-0.000338761, -0.0851096, 0.2014
-0.000347261, -0.0844516, 0.2015
-0.000355694, -0.0837815, 0.2016
-0.000364061, -0.0830996, 0.2017
-0.000372359, -0.0824059, 0.2018
-0.000380587, -0.0817004, 0.2019
-0.000388745, -0.0809834, 0.202
-0.000396831, -0.0802549, 0.2021
-0.000404844, -0.0795149, 0.2022
-0.000412783, -0.0787637, 0.2023
-0.000420646, -0.0780013, 0.2024
-0.000428433, -0.0772278, 0.2025
-0.000436142, -0.0764434, 0.2026
-0.000443773, -0.0756481, 0.2027
-0.000451324, -0.074842, 0.2028
-0.000458794, -0.0740254, 0.2029
-0.000466183, -0.0731983, 0.203
-0.000473488, -0.0723607, 0.2031
-0.00048071, -0.071513, 0.2032
-0.000487847, -0.070655, 0.2033
-0.000494897, -0.0697871, 0.2034
-0.000501861, -0.0689093, 0.2035
-0.000508737, -0.0680217, 0.2036
-0.000515524, -0.0671244, 0.2037
-0.000522221, -0.0662177, 0.2038
-0.000528827, -0.0653016, 0.2039
-0.000535342, -0.0643762, 0.204
-0.000541763, -0.0634418, 0.2041
-0.000548091, -0.0624983, 0.2042
-0.000554325, -0.061546, 0.2043
-0.000560463, -0.060585, 0.2044
-0.000566506, -0.0596154, 0.2045
-0.000572451, -0.0586375, 0.2046
-0.000578298, -0.0576512, 0.2047
-0.000584046, -0.0566567, 0.2048
-0.000589695, -0.0556543, 0.2049
-0.000595243, -0.054644, 0.205
-0.00060069, -0.053626, 0.2051
-0.000606035, -0.0526005, 0.2052
-0.000611278, -0.0515675, 0.2053
-0.000616417, -0.0505272, 0.2054
-0.000621452, -0.0494798, 0.2055
-0.000626382, -0.0484255, 0.2056
-0.000631207, -0.0473643, 0.2057
-0.000635925, -0.0462965, 0.2058
-0.000640537, -0.0452222, 0.2059
-0.000645041, -0.0441415, 0.206
-0.000649437, -0.0430546, 0.2061
-0.000653724, -0.0419616, 0.2062
-0.000657901, -0.0408628, 0.2063
-0.000661969, -0.0397582, 0.2064
-0.000665926, -0.0386481, 0.2065
-0.000669772, -0.0375325, 0.2066
-0.000673506, -0.0364117, 0.2067
-0.000677129, -0.0352859, 0.2068
-0.000680638, -0.034155, 0.2069
-0.000684035, -0.0330195, 0.207
-0.000687317, -0.0318793, 0.2071
-0.000690486, -0.0307346, 0.2072
-0.00069354, -0.0295858, 0.2073
-0.000696479, -0.0284327, 0.2074
-0.000699303, -0.0272758, 0.2075
-0.000702011, -0.0261151, 0.2076
-0.000704603, -0.0249508, 0.2077
-0.000707079, -0.023783, 0.2078
-0.000709437, -0.0226119, 0.2079
-0.000711679, -0.0214378, 0.208
-0.000713803, -0.0202607, 0.2081
-0.000715809, -0.0190809, 0.2082
-0.000717697, -0.0178984, 0.2083
-0.000719467, -0.0167135, 0.2084
-0.000721119, -0.0155264, 0.2085
-0.000722651, -0.0143372, 0.2086
-0.000724065, -0.0131461, 0.2087
-0.00072536, -0.0119532, 0.2088
-0.000726535, -0.0107587, 0.2089
-0.000727591, -0.0095629, 0.209
-0.000728527, -0.00836583, 0.2091
-0.000729344, -0.0071677, 0.2092
-0.00073004, -0.0059687, 0.2093
-0.000730617, -0.00476898, 0.2094
-0.000731074, -0.00356872, 0.2095
-0.000731411, -0.0023681, 0.2096
-0.000731628, -0.00116729, 0.2097
-0.000731724, 3.35429e-05, 0.2098
-0.000731701, 0.00123422, 0.2099
-0.000731557, 0.00243457, 0.21
-0.000731294, 0.00363443, 0.2101
-0.00073091, 0.00483361, 0.2102
-0.000730407, 0.00603195, 0.2103
-0.000729784, 0.00722927, 0.2104
-0.000729041, 0.0084254, 0.2105
-0.000728178, 0.00962018, 0.2106
-0.000727196, 0.0108134, 0.2107
-0.000726095, 0.012005, 0.2108
-0.000724875, 0.0131946, 0.2109
-0.000723536, 0.0143822, 0.211
-0.000722078, 0.0155676, 0.2111
-0.000720501, 0.0167506, 0.2112
-0.000718806, 0.0179311, 0.2113
-0.000716994, 0.0191088, 0.2114
-0.000715063, 0.0202836, 0.2115
-0.000713015, 0.0214554, 0.2116
-0.00071085, 0.0226239, 0.2117
-0.000708568, 0.023789, 0.2118
-0.00070617, 0.0249506, 0.2119
-0.000703656, 0.0261084, 0.212
-0.000701026, 0.0272623, 0.2121
-0.000698281, 0.0284121, 0.2122
-0.00069542, 0.0295577, 0.2123
-0.000692446, 0.0306989, 0.2124
-0.000689357, 0.0318355, 0.2125
-0.000686154, 0.0329674, 0.2126
-0.000682839, 0.0340944, 0.2127
-0.000679411, 0.0352164, 0.2128
-0.000675871, 0.0363331, 0.2129
-0.000672219, 0.0374445, 0.213
-0.000668456, 0.0385503, 0.2131
-0.000664583, 0.0396504, 0.2132
-0.0006606, 0.0407447, 0.2133
-0.000656507, 0.041833, 0.2134
-0.000652306, 0.0429151, 0.2135
-0.000647997, 0.0439909, 0.2136
-0.00064358, 0.0450602, 0.2137
-0.000639056, 0.0461228, 0.2138
-0.000634426, 0.0471787, 0.2139
-0.000629691, 0.0482277, 0.214
-0.000624851, 0.0492695, 0.2141
-0.000619907, 0.0503042, 0.2142
-0.00061486, 0.0513314, 0.2143
-0.00060971, 0.0523511, 0.2144
-0.000604458, 0.0533631, 0.2145
-0.000599105, 0.0543673, 0.2146
-0.000593652, 0.0553636, 0.2147
-0.000588099, 0.0563517, 0.2148
-0.000582448, 0.0573315, 0.2149
-0.000576698, 0.058303, 0.215
-0.000570852, 0.0592659, 0.2151
-0.00056491, 0.0602202, 0.2152
-0.000558872, 0.0611656, 0.2153
-0.00055274, 0.0621021, 0.2154
-0.000546515, 0.0630295, 0.2155
-0.000540197, 0.0639477, 0.2156
-0.000533787, 0.0648566, 0.2157
-0.000527287, 0.0657559, 0.2158
-0.000520696, 0.0666457, 0.2159
-0.000514017, 0.0675257, 0.216
-0.00050725, 0.0683959, 0.2161
-0.000500397, 0.069256, 0.2162
-0.000493457, 0.0701061, 0.2163
-0.000486433, 0.0709459, 0.2164
-0.000479325, 0.0717754, 0.2165
-0.000472134, 0.0725944, 0.2166
-0.000464861, 0.0734028, 0.2167
-0.000457507, 0.0742005, 0.2168
-0.000450075, 0.0749873, 0.2169
-0.000442563, 0.0757633, 0.217
-0.000434974, 0.0765281, 0.2171
-0.000427309, 0.0772819, 0.2172
-0.000419569, 0.0780243, 0.2173
-0.000411754, 0.0787554, 0.2174
-0.000403867, 0.079475, 0.2175
-0.000395908, 0.0801831, 0.2176
-0.000387878, 0.0808794, 0.2177
-0.000379779, 0.081564, 0.2178
-0.000371612, 0.0822366, 0.2179
-0.000363378, 0.0828973, 0.218
-0.000355077, 0.083546, 0.2181
-0.000346712, 0.0841824, 0.2182
-0.000338284, 0.0848066, 0.2183
-0.000329793, 0.0854185, 0.2184
-0.000321242, 0.0860179, 0.2185
-0.000312631, 0.0866048, 0.2186
-0.000303961, 0.0871791, 0.2187
-0.000295234, 0.0877407, 0.2188
-0.000286451, 0.0882895, 0.2189
-0.000277613, 0.0888255, 0.219
-0.000268722, 0.0893485, 0.2191
-0.000259779, 0.0898586, 0.2192
-0.000250785, 0.0903556, 0.2193
-0.000241742, 0.0908394, 0.2194
-0.000232651, 0.09131, 0.2195
-0.000223512, 0.0917673, 0.2196
-0.000214329, 0.0922113, 0.2197
-0.000205101, 0.0926419, 0.2198
-0.00019583, 0.093059, 0.2199
-0.000186517, 0.0934625, 0.22
-0.000177165, 0.0938525, 0.2201
-0.000167774, 0.0942288, 0.2202
-0.000158345, 0.0945914, 0.2203
-0.000148881, 0.0949403, 0.2204
-0.000139381, 0.0952754, 0.2205
-0.000129849, 0.0955966, 0.2206
-0.000120284, 0.0959039, 0.2207
-0.000110689, 0.0961972, 0.2208
-0.000101065, 0.0964766, 0.2209
-9.14136e-05, 0.096742, 0.221
-8.17355e-05, 0.0969933, 0.2211
-7.20326e-05, 0.0972304, 0.2212
-6.23062e-05, 0.0974535, 0.2213
-5.25577e-05, 0.0976624, 0.2214
-4.27885e-05, 0.0978571, 0.2215
-3.30002e-05, 0.0980376, 0.2216
-2.3194e-05, 0.0982038, 0.2217
-1.33714e-05, 0.0983557, 0.2218
-3.53391e-06, 0.0984934, 0.2219
6.31713e-06, 0.0986167, 0.222
1.61803e-05, 0.0987257, 0.2221
2.60541e-05, 0.0988204, 0.2222
3.59371e-05, 0.0989007, 0.2223
4.58279e-05, 0.0989666, 0.2224
5.5725e-05, 0.0990182, 0.2225
6.56271e-05, 0.0990553, 0.2226
7.55327e-05, 0.0990781, 0.2227
8.54403e-05, 0.0990865, 0.2228
9.53484e-05, 0.0990804, 0.2229
0.000105256, 0.09906, 0.223
0.000115161, 0.0990252, 0.2231
0.000125062, 0.098976, 0.2232
0.000134958, 0.0989124, 0.2233
0.000144848, 0.0988344, 0.2234
0.000154729, 0.0987421, 0.2235
0.000164602, 0.0986354, 0.2236
0.000174463, 0.0985144, 0.2237
0.000184311, 0.0983791, 0.2238
0.000194147, 0.0982294, 0.2239
0.000203966, 0.0980655, 0.224
0.00021377, 0.0978874, 0.2241
0.000223555, 0.097695, 0.2242
0.00023332, 0.0974885, 0.2243
0.000243065, 0.0972677, 0.2244
0.000252788, 0.0970329, 0.2245
0.000262486, 0.0967839, 0.2246
0.00027216, 0.0965209, 0.2247
0.000281807, 0.0962438, 0.2248
0.000291426, 0.0959528, 0.2249
0.000301016, 0.0956478, 0.225
0.000310575, 0.0953289, 0.2251
0.000320102, 0.0949961, 0.2252
0.000329596, 0.0946496, 0.2253
0.000339054, 0.0942893, 0.2254
0.000348477, 0.0939153, 0.2255
0.000357861, 0.0935276, 0.2256
0.000367207, 0.0931263, 0.2257
0.000376512, 0.0927115, 0.2258
0.000385776, 0.0922833, 0.2259
0.000394997, 0.0918416, 0.226
0.000404173, 0.0913866, 0.2261
0.000413303, 0.0909182, 0.2262
0.000422387, 0.0904367, 0.2263
0.000431422, 0.089942, 0.2264
0.000440407, 0.0894342, 0.2265
0.000449342, 0.0889135, 0.2266
0.000458224, 0.0883798, 0.2267
0.000467052, 0.0878332, 0.2268
0.000475826, 0.0872739, 0.2269
0.000484543, 0.0867019, 0.227
0.000493203, 0.0861173, 0.2271
0.000501805, 0.0855201, 0.2272
0.000510346, 0.0849105, 0.2273
0.000518827, 0.0842886, 0.2274
0.000527245, 0.0836544, 0.2275
0.000535599, 0.083008, 0.2276
0.000543889, 0.0823496, 0.2277
0.000552112, 0.0816791, 0.2278
0.000560268, 0.0809968, 0.2279
0.000568356, 0.0803027, 0.228
0.000576374, 0.0795969, 0.2281
0.000584322, 0.0788795, 0.2282
0.000592197, 0.0781507, 0.2283
0.000599999, 0.0774105, 0.2284
0.000607728, 0.0766589, 0.2285
0.00061538, 0.0758963, 0.2286
0.000622957, 0.0751226, 0.2287
0.000630456, 0.0743379, 0.2288
0.000637876, 0.0735424, 0.2289
0.000645216, 0.0727362, 0.229
0.000652476, 0.0719194, 0.2291
0.000659654, 0.0710921, 0.2292
0.000666749, 0.0702545, 0.2293
0.00067376, 0.0694066, 0.2294
0.000680686, 0.0685487, 0.2295
0.000687526, 0.0676807, 0.2296
0.000694279, 0.0668028, 0.2297
0.000700944, 0.0659152, 0.2298
0.000707521, 0.065018, 0.2299
0.000714007, 0.0641114, 0.23
0.000720403, 0.0631953, 0.2301
0.000726706, 0.0622701, 0.2302
0.000732918, 0.0613357, 0.2303
0.000739035, 0.0603924, 0.2304
0.000745058, 0.0594403, 0.2305
0.000750986, 0.0584795, 0.2306
0.000756818, 0.0575102, 0.2307
0.000762552, 0.0565324, 0.2308
0.000768189, 0.0555464, 0.2309
0.000773726, 0.0545523, 0.231
0.000779165, 0.0535502, 0.2311
0.000784503, 0.0525403, 0.2312
0.000789739, 0.0515227, 0.2313
0.000794874, 0.0504975, 0.2314
0.000799907, 0.049465, 0.2315
0.000804836, 0.0484252, 0.2316
0.00080966, 0.0473783, 0.2317
0.00081438, 0.0463245, 0.2318
0.000818995, 0.0452639, 0.2319
0.000823503, 0.0441967, 0.232
0.000827905, 0.0431229, 0.2321
0.000832199, 0.0420429, 0.2322
0.000836385, 0.0409566, 0.2323
0.000840462, 0.0398644, 0.2324
0.00084443, 0.0387663, 0.2325
0.000848288, 0.0376625, 0.2326
0.000852036, 0.0365532, 0.2327
0.000855672, 0.0354384, 0.2328
0.000859197, 0.0343185, 0.2329
0.00086261, 0.0331935, 0.233
0.00086591, 0.0320636, 0.2331
0.000869098, 0.0309289, 0.2332
0.000872171, 0.0297897, 0.2333
0.000875131, 0.0286461, 0.2334
0.000877976, 0.0274983, 0.2335
0.000880707, 0.0263463, 0.2336
0.000883322, 0.0251905, 0.2337
0.000885822, 0.0240309, 0.2338
0.000888205, 0.0228677, 0.2339
0.000890472, 0.0217012, 0.234
0.000892623, 0.0205313, 0.2341
0.000894656, 0.0193585, 0.2342
0.000896572, 0.0181827, 0.2343
0.000898371, 0.0170041, 0.2344
0.000900052, 0.0158231, 0.2345
0.000901614, 0.0146396, 0.2346
0.000903058, 0.0134539, 0.2347
0.000904384, 0.0122661, 0.2348
0.00090559, 0.0110765, 0.2349
0.000906678, 0.0098851, 0.235
0.000907646, 0.00869221, 0.2351
0.000908496, 0.00749795, 0.2352
0.000909225, 0.0063025, 0.2353
0.000909836, 0.00510602, 0.2354
0.000910326, 0.0039087, 0.2355
0.000910697, 0.0027107, 0.2356
0.000910948, 0.00151219, 0.2357
0.000911079, 0.000313348, 0.2358
0.00091109, -0.00088565, 0.2359
0.000910982, -0.00208464, 0.236
0.000910753, -0.00328344, 0.2361
0.000910405, -0.00448188, 0.2362
0.000909937, -0.00567978, 0.2363
0.000909349, -0.00687699, 0.2364
0.000908641, -0.00807332, 0.2365
0.000907814, -0.0092686, 0.2366
0.000906867, -0.0104627, 0.2367
0.000905801, -0.0116553, 0.2368
0.000904615, -0.0128464, 0.2369
0.000903311, -0.0140358, 0.237
0.000901887, -0.0152232, 0.2371
0.000900345, -0.0164086, 0.2372
0.000898685, -0.0175917, 0.2373
0.000896906, -0.0187724, 0.2374
0.000895009, -0.0199505, 0.2375
0.000892994, -0.0211259, 0.2376
0.000890862, -0.0222983, 0.2377
0.000888613, -0.0234676, 0.2378
0.000886247, -0.0246337, 0.2379
0.000883764, -0.0257963, 0.238
0.000881165, -0.0269553, 0.2381
0.00087845, -0.0281106, 0.2382
0.00087562, -0.0292619, 0.2383
0.000872675, -0.0304091, 0.2384
0.000869615, -0.031552, 0.2385
0.000866441, -0.0326906, 0.2386
0.000863153, -0.0338245, 0.2387
0.000859752, -0.0349536, 0.2388
0.000856238, -0.0360778, 0.2389
0.000852611, -0.037197, 0.239
0.000848873, -0.0383109, 0.2391
0.000845024, -0.0394194, 0.2392
0.000841063, -0.0405223, 0.2393
0.000836993, -0.0416195, 0.2394
0.000832813, -0.0427108, 0.2395
0.000828524, -0.0437961, 0.2396
0.000824126, -0.0448752, 0.2397
0.000819621, -0.0459479, 0.2398
0.000815009, -0.0470142, 0.2399
0.00081029, -0.0480737, 0.24
0.000805465, -0.0491265, 0.2401
0.000800535, -0.0501723, 0.2402
0.0007955, -0.0512109, 0.2403
0.000790362, -0.0522423, 0.2404
0.000785121, -0.0532663, 0.2405
0.000779778, -0.0542828, 0.2406
0.000774333, -0.0552915, 0.2407
0.000768787, -0.0562924, 0.2408
0.000763141, -0.0572852, 0.2409
0.000757397, -0.05827, 0.241
0.000751553, -0.0592464, 0.2411
0.000745613, -0.0602144, 0.2412
0.000739576, -0.0611739, 0.2413
0.000733443, -0.0621247, 0.2414
0.000727215, -0.0630666, 0.2415
0.000720892, -0.0639995, 0.2416
0.000714477, -0.0649234, 0.2417
0.00070797, -0.065838, 0.2418
0.000701371, -0.0667432, 0.2419
0.000694682, -0.0676389, 0.242
0.000687904, -0.068525, 0.2421
0.000681037, -0.0694014, 0.2422
0.000674082, -0.0702678, 0.2423
0.000667042, -0.0711242, 0.2424
0.000659915, -0.0719705, 0.2425
0.000652704, -0.0728066, 0.2426
0.00064541, -0.0736323, 0.2427
0.000638034, -0.0744474, 0.2428
0.000630576, -0.075252, 0.2429
0.000623037, -0.0760458, 0.243
0.00061542, -0.0768288, 0.2431
0.000607725, -0.0776008, 0.2432
0.000599952, -0.0783618, 0.2433
0.000592104, -0.0791115, 0.2434
0.00058418, -0.07985, 0.2435
0.000576184, -0.0805771, 0.2436
0.000568114, -0.0812927, 0.2437
0.000559973, -0.0819967, 0.2438
0.000551762, -0.082689, 0.2439
0.000543482, -0.0833695, 0.244
0.000535135, -0.0840381, 0.2441
0.00052672, -0.0846947, 0.2442
0.00051824, -0.0853392, 0.2443
0.000509696, -0.0859716, 0.2444
0.000501089, -0.0865916, 0.2445
0.00049242, -0.0871993, 0.2446
0.00048369, -0.0877945, 0.2447
0.000474901, -0.0883772, 0.2448
0.000466054, -0.0889473, 0.2449
0.000457151, -0.0895047, 0.245
0.000448191, -0.0900493, 0.2451
0.000439178, -0.090581, 0.2452
0.000430111, -0.0910998, 0.2453
0.000420993, -0.0916055, 0.2454
0.000411825, -0.0920982, 0.2455
0.000402607, -0.0925777, 0.2456
0.000393342, -0.093044, 0.2457
0.00038403, -0.093497, 0.2458
0.000374674, -0.0939367, 0.2459
0.000365273, -0.0943629, 0.246
0.00035583, -0.0947756, 0.2461
0.000346347, -0.0951748, 0.2462
0.000336823, -0.0955604, 0.2463
0.000327261, -0.0959323, 0.2464
0.000317662, -0.0962906, 0.2465
0.000308028, -0.096635, 0.2466
0.000298359, -0.0969656, 0.2467
0.000288657, -0.0972824, 0.2468
0.000278925, -0.0975853, 0.2469
0.000269162, -0.0978742, 0.247
0.00025937, -0.0981492, 0.2471
0.000249551, -0.0984101, 0.2472
0.000239706, -0.0986569, 0.2473
0.000229837, -0.0988896, 0.2474
0.000219945, -0.0991082, 0.2475
0.000210031, -0.0993126, 0.2476
0.000200097, -0.0995028, 0.2477
0.000190144, -0.0996788, 0.2478
0.000180174, -0.0998406, 0.2479
0.000170187, -0.099988, 0.248
0.000160187, -0.100121, 0.2481
0.000150173, -0.10024, 0.2482
0.000140148, -0.100345, 0.2483
0.000130112, -0.100435, 0.2484
0.000120068, -0.100511, 0.2485
0.000110016, -0.100572, 0.2486
9.99583e-05, -0.100619, 0.2487
8.98962e-05, -0.100652, 0.2488
7.98311e-05, -0.10067, 0.2489
6.97644e-05, -0.100674, 0.249
5.96975e-05, -0.100663, 0.2491
4.9632e-05, -0.100638, 0.2492
3.95692e-05, -0.100599, 0.2493
2.95105e-05, -0.100545, 0.2494
1.94575e-05, -0.100477, 0.2495
9.4115e-06, -0.100395, 0.2496
-6.26e-07, -0.100298, 0.2497
-1.06536e-05, -0.100187, 0.2498
-2.06698e-05, -0.100061, 0.2499
-3.06733e-05, -0.0999217, 0.25
-4.06625e-05, -0.0997676, 0.2501
-5.06361e-05, -0.0995992, 0.2502
-6.05926e-05, -0.0994167, 0.2503
-7.05306e-05, -0.0992199, 0.2504
-8.04487e-05, -0.0990089, 0.2505
-9.03455e-05, -0.0987837, 0.2506
-0.000100219, -0.0985444, 0.2507
-0.000110069, -0.0982911, 0.2508
-0.000119894, -0.0980236, 0.2509
-0.000129691, -0.0977422, 0.251
-0.00013946, -0.0974468, 0.2511
-0.000149199, -0.0971374, 0.2512
-0.000158907, -0.0968142, 0.2513
-0.000168582, -0.0964771, 0.2514
