1, 0, 0
0.99, -4.98404e-05, 0.01
0.9801, -9.86865e-05, 0.02
0.970299, -0.000146553, 0.03
0.960596, -0.000193455, 0.04
0.95099, -0.000239407, 0.05
0.94148, -0.000284422, 0.06
0.932065, -0.000328516, 0.07
0.922745, -0.000371702, 0.08
0.913517, -0.000413993, 0.09
0.904382, -0.000455404, 0.1
0.895338, -0.000495947, 0.11
0.886385, -0.000535637, 0.12
0.877521, -0.000574485, 0.13
0.868746, -0.000612504, 0.14
0.860058, -0.000649709, 0.15
0.851458, -0.00068611, 0.16
0.842943, -0.00072172, 0.17
0.834514, -0.000756551, 0.18
0.826169, -0.000790616, 0.19
0.817907, -0.000823926, 0.2
0.809728, -0.000856492, 0.21
0.801631, -0.000888327, 0.22
0.793614, -0.000919442, 0.23
0.785678, -0.000949847, 0.24
0.777821, -0.000979555, 0.25
0.770043, -0.00100857, 0.26
0.762343, -0.00103692, 0.27
0.754719, -0.0010646, 0.28
0.747172, -0.00109162, 0.29
0.7397, -0.001118, 0.3
0.732303, -0.00114374, 0.31
0.72498, -0.00116886, 0.32
0.717731, -0.00119336, 0.33
0.710553, -0.00121726, 0.34
0.703448, -0.00124056, 0.35
0.696413, -0.00126328, 0.36
0.689449, -0.00128542, 0.37
0.682555, -0.00130699, 0.38
0.675729, -0.001328, 0.39
0.668972, -0.00134847, 0.4
0.662282, -0.00136839, 0.41
0.655659, -0.00138778, 0.42
0.649103, -0.00140665, 0.43
0.642612, -0.00142501, 0.44
0.636185, -0.00144286, 0.45
0.629824, -0.00146021, 0.46
0.623525, -0.00147707, 0.47
0.61729, -0.00149345, 0.48
0.611117, -0.00150936, 0.49
0.605006, -0.0015248, 0.5
0.598956, -0.00153978, 0.51
0.592966, -0.00155431, 0.52
0.587037, -0.0015684, 0.53
0.581166, -0.00158205, 0.54
0.575355, -0.00159527, 0.55
0.569601, -0.00160808, 0.56
0.563905, -0.00162047, 0.57
0.558266, -0.00163245, 0.58
0.552683, -0.00164403, 0.59
0.547157, -0.00165522, 0.6
0.541685, -0.00166602, 0.61
0.536268, -0.00167644, 0.62
0.530906, -0.00168648, 0.63
0.525596, -0.00169616, 0.64
0.520341, -0.00170548, 0.65
0.515137, -0.00171445, 0.66
0.509986, -0.00172306, 0.67
0.504886, -0.00173134, 0.68
0.499837, -0.00173927, 0.69
0.494839, -0.00174688, 0.7
0.48989, -0.00175416, 0.71
0.484991, -0.00176112, 0.72
0.480141, -0.00176777, 0.73
0.47534, -0.00177411, 0.74
0.470587, -0.00178015, 0.75
0.465881, -0.00178589, 0.76
0.461222, -0.00179134, 0.77
0.45661, -0.0017965, 0.78
0.452044, -0.00180139, 0.79
0.447523, -0.00180599, 0.8
0.443048, -0.00181033, 0.81
0.438618, -0.0018144, 0.82
0.434231, -0.0018182, 0.83
0.429889, -0.00182175, 0.84
0.42559, -0.00182505, 0.85
0.421334, -0.0018281, 0.86
0.417121, -0.00183091, 0.87
0.41295, -0.00183349, 0.88
0.40882, -0.00183582, 0.89
0.404732, -0.00183793, 0.9
0.400685, -0.00183982, 0.91
0.396678, -0.00184148, 0.92
0.392711, -0.00184293, 0.93
0.388784, -0.00184416, 0.94
0.384896, -0.00184519, 0.95
0.381047, -0.00184602, 0.96
0.377237, -0.00184664, 0.97
0.373464, -0.00184707, 0.98
0.36973, -0.0018473, 0.99
0.366032, -0.00184735, 1
0.362372, -0.00184721, 1.01
0.358748, -0.00184689, 1.02
0.355161, -0.00184639, 1.03
0.351609, -0.00184572, 1.04
0.348093, -0.00184488, 1.05
0.344612, -0.00184387, 1.06
0.341166, -0.0018427, 1.07
0.337754, -0.00184137, 1.08
0.334377, -0.00183988, 1.09
0.331033, -0.00183824, 1.1
0.327723, -0.00183645, 1.11
0.324446, -0.00183451, 1.12
0.321201, -0.00183243, 1.13
0.317989, -0.0018302, 1.14
0.314809, -0.00182784, 1.15
0.311661, -0.00182534, 1.16
0.308544, -0.00182271, 1.17
0.305459, -0.00181996, 1.18
0.302404, -0.00181707, 1.19
0.29938, -0.00181406, 1.2
0.296387, -0.00181093, 1.21
0.293423, -0.00180769, 1.22
0.290488, -0.00180433, 1.23
0.287584, -0.00180085, 1.24
0.284708, -0.00179726, 1.25
0.281861, -0.00179357, 1.26
0.279042, -0.00178977, 1.27
0.276252, -0.00178587, 1.28
0.273489, -0.00178187, 1.29
0.270754, -0.00177777, 1.3
0.268047, -0.00177358, 1.31
0.265366, -0.00176929, 1.32
0.262713, -0.00176491, 1.33
0.260085, -0.00176044, 1.34
0.257485, -0.00175589, 1.35
0.25491, -0.00175125, 1.36
0.252361, -0.00174653, 1.37
0.249837, -0.00174173, 1.38
0.247339, -0.00173685, 1.39
0.244865, -0.0017319, 1.4
0.242417, -0.00172687, 1.41
0.239992, -0.00172177, 1.42
0.237593, -0.0017166, 1.43
0.235217, -0.00171136, 1.44
0.232864, -0.00170605, 1.45
0.230536, -0.00170068, 1.46
0.22823, -0.00169525, 1.47
0.225948, -0.00168976, 1.48
0.223689, -0.00168421, 1.49
0.221452, -0.0016786, 1.5
0.219237, -0.00167293, 1.51
0.217045, -0.00166721, 1.52
0.214874, -0.00166144, 1.53
0.212726, -0.00165562, 1.54
0.210598, -0.00164975, 1.55
0.208492, -0.00164383, 1.56
0.206408, -0.00163786, 1.57
0.204343, -0.00163186, 1.58
0.2023, -0.0016258, 1.59
0.200277, -0.00161971, 1.6
0.198274, -0.00161357, 1.61
0.196292, -0.0016074, 1.62
0.194329, -0.00160119, 1.63
0.192385, -0.00159494, 1.64
0.190461, -0.00158866, 1.65
0.188557, -0.00158235, 1.66
0.186671, -0.001576, 1.67
0.184805, -0.00156962, 1.68
0.182957, -0.00156322, 1.69
0.181127, -0.00155678, 1.7
0.179316, -0.00155032, 1.71
0.177523, -0.00154383, 1.72
0.175747, -0.00153731, 1.73
0.17399, -0.00153078, 1.74
0.17225, -0.00152422, 1.75
0.170527, -0.00151764, 1.76
0.168822, -0.00151104, 1.77
0.167134, -0.00150441, 1.78
0.165463, -0.00149778, 1.79
0.163808, -0.00149112, 1.8
0.16217, -0.00148445, 1.81
0.160548, -0.00147776, 1.82
0.158943, -0.00147106, 1.83
0.157353, -0.00146434, 1.84
0.15578, -0.00145761, 1.85
0.154222, -0.00145087, 1.86
0.15268, -0.00144412, 1.87
0.151153, -0.00143736, 1.88
0.149641, -0.0014306, 1.89
0.148145, -0.00142382, 1.9
0.146664, -0.00141704, 1.91
0.145197, -0.00141025, 1.92
0.143745, -0.00140345, 1.93
0.142307, -0.00139665, 1.94
0.140884, -0.00138985, 1.95
0.139476, -0.00138304, 1.96
0.138081, -0.00137623, 1.97
0.1367, -0.00136942, 1.98
0.135333, -0.0013626, 1.99
0.13398, -0.00135579, 2
0.13264, -0.00134898, 2.01
0.131313, -0.00134217, 2.02
0.13, -0.00133536, 2.03
0.1287, -0.00132855, 2.04
0.127413, -0.00132174, 2.05
0.126139, -0.00131494, 2.06
0.124878, -0.00130815, 2.07
0.123629, -0.00130135, 2.08
0.122393, -0.00129457, 2.09
0.121169, -0.00128778, 2.1
0.119957, -0.00128101, 2.11
0.118758, -0.00127424, 2.12
0.11757, -0.00126748, 2.13
0.116394, -0.00126073, 2.14
0.11523, -0.00125399, 2.15
0.114078, -0.00124725, 2.16
0.112937, -0.00124053, 2.17
0.111808, -0.00123381, 2.18
0.11069, -0.00122711, 2.19
0.109583, -0.00122042, 2.2
0.108487, -0.00121374, 2.21
0.107402, -0.00120707, 2.22
0.106328, -0.00120041, 2.23
0.105265, -0.00119376, 2.24
0.104212, -0.00118713, 2.25
0.10317, -0.00118051, 2.26
0.102138, -0.00117391, 2.27
0.101117, -0.00116732, 2.28
0.100106, -0.00116074, 2.29
0.0991048, -0.00115418, 2.3
0.0981138, -0.00114764, 2.31
0.0971326, -0.00114111, 2.32
0.0961613, -0.0011346, 2.33
0.0951997, -0.0011281, 2.34
0.0942477, -0.00112162, 2.35
0.0933052, -0.00111516, 2.36
0.0923722, -0.00110871, 2.37
0.0914484, -0.00110228, 2.38
0.090534, -0.00109587, 2.39
0.0896286, -0.00108948, 2.4
0.0887323, -0.00108311, 2.41
0.087845, -0.00107675, 2.42
0.0869666, -0.00107042, 2.43
0.0860969, -0.0010641, 2.44
0.0852359, -0.0010578, 2.45
0.0843836, -0.00105153, 2.46
0.0835397, -0.00104527, 2.47
0.0827043, -0.00103903, 2.48
0.0818773, -0.00103282, 2.49
0.0810585, -0.00102662, 2.5
0.0802479, -0.00102045, 2.51
0.0794455, -0.00101429, 2.52
0.078651, -0.00100816, 2.53
0.0778645, -0.00100205, 2.54
0.0770858, -0.000995958, 2.55
0.076315, -0.00098989, 2.56
0.0755518, -0.000983844, 2.57
0.0747963, -0.00097782, 2.58
0.0740484, -0.000971818, 2.59
0.0733079, -0.000965839, 2.6
0.0725748, -0.000959883, 2.61
0.071849, -0.000953949, 2.62
0.0711306, -0.000948038, 2.63
0.0704192, -0.00094215, 2.64
0.0697151, -0.000936285, 2.65
0.0690179, -0.000930443, 2.66
0.0683277, -0.000924625, 2.67
0.0676444, -0.000918831, 2.68
0.066968, -0.000913059, 2.69
0.0662983, -0.000907312, 2.7
0.0656353, -0.000901589, 2.71
0.064979, -0.000895889, 2.72
0.0643292, -0.000890213, 2.73
0.0636859, -0.000884562, 2.74
0.063049, -0.000878934, 2.75
0.0624186, -0.000873331, 2.76
0.0617944, -0.000867752, 2.77
0.0611764, -0.000862198, 2.78
0.0605647, -0.000856668, 2.79
0.059959, -0.000851162, 2.8
0.0593594, -0.000845682, 2.81
0.0587658, -0.000840225, 2.82
0.0581782, -0.000834794, 2.83
0.0575964, -0.000829387, 2.84
0.0570204, -0.000824005, 2.85
0.0564502, -0.000818648, 2.86
0.0558857, -0.000813316, 2.87
0.0553269, -0.000808009, 2.88
0.0547736, -0.000802727, 2.89
0.0542259, -0.000797469, 2.9
0.0536836, -0.000792237, 2.91
0.0531468, -0.00078703, 2.92
0.0526153, -0.000781847, 2.93
0.0520891, -0.00077669, 2.94
0.0515683, -0.000771558, 2.95
0.0510526, -0.000766451, 2.96
0.050542, -0.00076137, 2.97
0.0500366, -0.000756313, 2.98
0.0495363, -0.000751281, 2.99
0.0490409, -0.000746275, 3
0.0485505, -0.000741293, 3.01
0.048065, -0.000736337, 3.02
0.0475843, -0.000731406, 3.03
0.0471085, -0.0007265, 3.04
0.0466374, -0.000721619, 3.05
0.046171, -0.000716763, 3.06
0.0457093, -0.000711933, 3.07
0.0452522, -0.000707127, 3.08
0.0447997, -0.000702346, 3.09
0.0443517, -0.000697591, 3.1
0.0439082, -0.00069286, 3.11
0.0434691, -0.000688154, 3.12
0.0430344, -0.000683474, 3.13
0.0426041, -0.000678818, 3.14
0.042178, -0.000674187, 3.15
0.0417563, -0.000669581, 3.16
0.0413387, -0.000665, 3.17
0.0409253, -0.000660443, 3.18
0.040516, -0.000655911, 3.19
0.0401109, -0.000651404, 3.2
0.0397098, -0.000646922, 3.21
0.0393127, -0.000642464, 3.22
0.0389196, -0.000638031, 3.23
0.0385304, -0.000633622, 3.24
0.0381451, -0.000629238, 3.25
0.0377636, -0.000624878, 3.26
0.037386, -0.000620542, 3.27
0.0370121, -0.000616231, 3.28
0.036642, -0.000611944, 3.29
0.0362756, -0.000607682, 3.3
0.0359128, -0.000603443, 3.31
0.0355537, -0.000599229, 3.32
0.0351981, -0.000595038, 3.33
0.0348462, -0.000590872, 3.34
0.0344977, -0.000586729, 3.35
0.0341527, -0.000582611, 3.36
0.0338112, -0.000578516, 3.37
0.0334731, -0.000574445, 3.38
0.0331384, -0.000570397, 3.39
0.032807, -0.000566373, 3.4
0.0324789, -0.000562373, 3.41
0.0321541, -0.000558396, 3.42
0.0318326, -0.000554442, 3.43
0.0315142, -0.000550512, 3.44
0.0311991, -0.000546605, 3.45
0.0308871, -0.000542721, 3.46
0.0305782, -0.00053886, 3.47
0.0302725, -0.000535023, 3.48
0.0299697, -0.000531208, 3.49
0.02967, -0.000527416, 3.5
0.0293733, -0.000523647, 3.51
0.0290796, -0.000519901, 3.52
0.0287888, -0.000516177, 3.53
0.0285009, -0.000512476, 3.54
0.0282159, -0.000508797, 3.55
0.0279338, -0.000505141, 3.56
0.0276544, -0.000501507, 3.57
0.0273779, -0.000497895, 3.58
0.0271041, -0.000494305, 3.59
0.0268331, -0.000490738, 3.6
0.0265647, -0.000487192, 3.61
0.0262991, -0.000483668, 3.62
0.0260361, -0.000480167, 3.63
0.0257757, -0.000476687, 3.64
0.025518, -0.000473228, 3.65
0.0252628, -0.000469791, 3.66
0.0250102, -0.000466376, 3.67
0.0247601, -0.000462982, 3.68
0.0245125, -0.000459609, 3.69
0.0242673, -0.000456258, 3.7
0.0240247, -0.000452927, 3.71
0.0237844, -0.000449618, 3.72
0.0235466, -0.00044633, 3.73
0.0233111, -0.000443062, 3.74
0.023078, -0.000439816, 3.75
0.0228472, -0.00043659, 3.76
0.0226187, -0.000433384, 3.77
0.0223926, -0.000430199, 3.78
0.0221686, -0.000427035, 3.79
0.0219469, -0.000423891, 3.8
0.0217275, -0.000420767, 3.81
0.0215102, -0.000417663, 3.82
0.0212951, -0.000414579, 3.83
0.0210821, -0.000411515, 3.84
0.0208713, -0.000408471, 3.85
0.0206626, -0.000405447, 3.86
0.020456, -0.000402443, 3.87
0.0202514, -0.000399458, 3.88
0.0200489, -0.000396493, 3.89
0.0198484, -0.000393547, 3.9
0.0196499, -0.00039062, 3.91
0.0194534, -0.000387713, 3.92
0.0192589, -0.000384825, 3.93
0.0190663, -0.000381955, 3.94
0.0188756, -0.000379105, 3.95
0.0186869, -0.000376274, 3.96
0.0185, -0.000373461, 3.97
0.018315, -0.000370667, 3.98
0.0181319, -0.000367892, 3.99
0.0179506, -0.000365135, 4
0.017771, -0.000362396, 4.01
0.0175933, -0.000359676, 4.02
0.0174174, -0.000356974, 4.03
0.0172432, -0.00035429, 4.04
0.0170708, -0.000351625, 4.05
0.0169001, -0.000348977, 4.06
0.0167311, -0.000346347, 4.07
0.0165638, -0.000343734, 4.08
0.0163981, -0.00034114, 4.09
0.0162342, -0.000338562, 4.1
0.0160718, -0.000336003, 4.11
0.0159111, -0.000333461, 4.12
0.015752, -0.000330936, 4.13
0.0155945, -0.000328428, 4.14
0.0154385, -0.000325937, 4.15
0.0152841, -0.000323464, 4.16
0.0151313, -0.000321007, 4.17
0.01498, -0.000318567, 4.18
0.0148302, -0.000316144, 4.19
0.0146819, -0.000313737, 4.2
0.0145351, -0.000311347, 4.21
0.0143897, -0.000308974, 4.22
0.0142458, -0.000306616, 4.23
0.0141034, -0.000304276, 4.24
0.0139623, -0.000301951, 4.25
0.0138227, -0.000299642, 4.26
0.0136845, -0.00029735, 4.27
0.0135476, -0.000295073, 4.28
0.0134122, -0.000292812, 4.29
0.013278, -0.000290567, 4.3
0.0131453, -0.000288338, 4.31
0.0130138, -0.000286124, 4.32
0.0128837, -0.000283926, 4.33
0.0127548, -0.000281743, 4.34
0.0126273, -0.000279575, 4.35
0.012501, -0.000277423, 4.36
0.012376, -0.000275285, 4.37
0.0122522, -0.000273163, 4.38
0.0121297, -0.000271056, 4.39
0.0120084, -0.000268963, 4.4
0.0118883, -0.000266885, 4.41
0.0117694, -0.000264822, 4.42
0.0116518, -0.000262774, 4.43
0.0115352, -0.00026074, 4.44
0.0114199, -0.00025872, 4.45
0.0113057, -0.000256715, 4.46
0.0111926, -0.000254724, 4.47
0.0110807, -0.000252748, 4.48
0.0109699, -0.000250785, 4.49
0.0108602, -0.000248837, 4.5
0.0107516, -0.000246902, 4.51
0.0106441, -0.000244981, 4.52
0.0105376, -0.000243074, 4.53
0.0104323, -0.00024118, 4.54
0.0103279, -0.000239301, 4.55
0.0102247, -0.000237434, 4.56
0.0101224, -0.000235581, 4.57
0.0100212, -0.000233742, 4.58
0.00992097, -0.000231916, 4.59
0.00982176, -0.000230102, 4.6
0.00972355, -0.000228302, 4.61
0.00962631, -0.000226515, 4.62
0.00953005, -0.000224741, 4.63
0.00943475, -0.00022298, 4.64
0.0093404, -0.000221232, 4.65
0.009247, -0.000219496, 4.66
0.00915453, -0.000217773, 4.67
0.00906298, -0.000216062, 4.68
0.00897235, -0.000214364, 4.69
0.00888263, -0.000212678, 4.7
0.0087938, -0.000211005, 4.71
0.00870586, -0.000209343, 4.72
0.0086188, -0.000207694, 4.73
0.00853262, -0.000206057, 4.74
0.00844729, -0.000204432, 4.75
0.00836282, -0.000202819, 4.76
0.00827919, -0.000201218, 4.77
0.0081964, -0.000199628, 4.78
0.00811443, -0.000198051, 4.79
0.00803329, -0.000196484, 4.8
0.00795296, -0.00019493, 4.81
0.00787343, -0.000193386, 4.82
0.00779469, -0.000191855, 4.83
0.00771675, -0.000190334, 4.84
0.00763958, -0.000188825, 4.85
0.00756318, -0.000187327, 4.86
0.00748755, -0.00018584, 4.87
0.00741268, -0.000184364, 4.88
0.00733855, -0.000182899, 4.89
0.00726516, -0.000181445, 4.9
0.00719251, -0.000180001, 4.91
0.00712059, -0.000178569, 4.92
0.00704938, -0.000177147, 4.93
0.00697889, -0.000175736, 4.94
0.0069091, -0.000174335, 4.95
0.00684001, -0.000172945, 4.96
0.00677161, -0.000171565, 4.97
0.00670389, -0.000170195, 4.98
0.00663685, -0.000168836, 4.99
0.00657048, -0.000167487, 5
