334, 13.3761
335, 7.49707
336, 5.84939
337, 5.20906
338, 4.90778
339, 4.7468
340, 4.65262
341, 4.59364
342, 4.55469
343, 4.52786
344, 4.50873
345, 4.4947
346, 4.48415
347, 4.47605
348, 4.46973
349, 4.46471
350, 4.46067
351, 4.45738
352, 4.45467
353, 4.45242
354, 4.45052
355, 4.44893
356, 4.44756
357, 4.4464
358, 4.44539
359, 4.44451
360, 4.44375
361, 4.44308
362, 4.44249
363, 4.44197
364, 4.4415
365, 4.44109
366, 4.44072
367, 4.44039
368, 4.44009
369, 4.43982
370, 4.43958
371, 4.43935
372, 4.43915
373, 4.43897
374, 4.4388
375, 4.43865
376, 4.43851
377, 4.43838
378, 4.43826
379, 4.43815
380, 4.43804
381, 4.43795
382, 4.43786
383, 4.43778
384, 4.4377
385, 4.43763
386, 4.43757
387, 4.43751
388, 4.43745
389, 4.4374
390, 4.43735
391, 4.4373
392, 4.43725
393, 4.43721
394, 4.43717
395, 4.43714
396, 4.4371
397, 4.43707
398, 4.43704
399, 4.43701
400, 4.43698
401, 4.43695
402, 4.43693
403, 4.4369
404, 4.43688
405, 4.43686
406, 4.43684
407, 4.43682
408, 4.4368
409, 4.43678
410, 4.43677
411, 4.43675
412, 4.43674
413, 4.43672
414, 4.43671
415, 4.43669
416, 4.43668
417, 4.43667
418, 4.43666
419, 4.43665
420, 4.43664
421, 4.43663
422, 4.43662
423, 4.43661
424, 4.4366
425, 4.43659
426, 4.43658
427, 4.43657
428, 4.43656
429, 4.43656
430, 4.43655
431, 4.43654
432, 4.43654
433, 4.43653
434, 4.43652
435, 4.43652
436, 4.43651
437, 4.43651
438, 4.4365
439, 4.4365
440, 4.43649
441, 4.43649
442, 4.43648
443, 4.43648
444, 4.43647
445, 4.43647
446, 4.43646
447, 4.43646
448, 4.43646
449, 4.43645
450, 4.43645
451, 4.43644
452, 4.43644
453, 4.43644
454, 4.43643
455, 4.43643
456, 4.43643
457, 4.43643
458, 4.43642
459, 4.43642
460, 4.43642
461, 4.43641
462, 4.43641
463, 4.43641
464, 4.43641
465, 4.43641
466, 4.4364
467, 4.4364
468, 4.4364
469, 4.4364
470, 4.43639
471, 4.43639
472, 4.43639
473, 4.43639
474, 4.43639
475, 4.43638
476, 4.43638
477, 4.43638
478, 4.43638
479, 4.43638
480, 4.43638
481, 4.43637
482, 4.43637
483, 4.43637
484, 4.43637
485, 4.43637
486, 4.43637
487, 4.43637
488, 4.43637
489, 4.43636
490, 4.43636
491, 4.43636
492, 4.43636
493, 4.43636
494, 4.43636
495, 4.43636
496, 4.43636
497, 4.43635
498, 4.43635
499, 4.43635
500, 4.43635
501, 4.43635
502, 4.43635
503, 4.43635
504, 4.43635
505, 4.43635
506, 4.43635
507, 4.43634
508, 4.43634
509, 4.43634
510, 4.43634
511, 4.43634
512, 4.43634
513, 4.43634
514, 4.43634
515, 4.43634
516, 4.43634
517, 4.43634
518, 4.43634
519, 4.43634
520, 4.43633
521, 4.43633
522, 4.43633
523, 4.43633
524, 4.43633
525, 4.43633
526, 4.43633
527, 4.43633
528, 4.43633
529, 4.43633
530, 4.43633
531, 4.43633
532, 4.43633
533, 4.43633
534, 4.43633
535, 4.43633
536, 4.43633
537, 4.43633
538, 4.43632
539, 4.43632
540, 4.43632
541, 4.43632
542, 4.43632
543, 4.43632
544, 4.43632
545, 4.43632
546, 4.43632
547, 4.43632
548, 4.43632
549, 4.43632
550, 4.43632
551, 4.43632
552, 4.43632
553, 4.43632
554, 4.43632
555, 4.43632
556, 4.43632
557, 4.43632
558, 4.43632
559, 4.43632
560, 4.43632
561, 4.43632
562, 4.43632
563, 4.43631
564, 4.43631
565, 4.43631
566, 4.43631
567, 4.43631
568, 4.43631
569, 4.43631
570, 4.43631
571, 4.43631
572, 4.43631
573, 4.43631
574, 4.43631
575, 4.43631
576, 4.43631
577, 4.43631
578, 4.43631
579, 4.43631
580, 4.43631
581, 4.43631
582, 4.43631
583, 4.43631
584, 4.43631
585, 4.43631
586, 4.43631
587, 4.43631
588, 4.43631
589, 4.43631
590, 4.43631
591, 4.43631
592, 4.43631
593, 4.43631
594, 4.43631
595, 4.43631
596, 4.43631
597, 4.43631
598, 4.43631
599, 4.43631
600, 4.43631
601, 4.43631
602, 4.43631
603, 4.43631
604, 4.43631
605, 4.4363
606, 4.4363
607, 4.4363
608, 4.4363
609, 4.4363
610, 4.4363
611, 4.4363
612, 4.4363
613, 4.4363
614, 4.4363
615, 4.4363
616, 4.4363
617, 4.4363
618, 4.4363
619, 4.4363
620, 4.4363
621, 4.4363
622, 4.4363
623, 4.4363
624, 4.4363
625, 4.4363
626, 4.4363
627, 4.4363
628, 4.4363
629, 4.4363
630, 4.4363
631, 4.4363
632, 4.4363
633, 4.4363
634, 4.4363
635, 4.4363
636, 4.4363
637, 4.4363
638, 4.4363
639, 4.4363
640, 4.4363
641, 4.4363
642, 4.4363
643, 4.4363
644, 4.4363
645, 4.4363
646, 4.4363
647, 4.4363
648, 4.4363
649, 4.4363
650, 4.4363
651, 4.4363
652, 4.4363
653, 4.4363
654, 4.4363
655, 4.4363
656, 4.4363
657, 4.4363
658, 4.4363
659, 4.4363
660, 4.4363
661, 4.4363
662, 4.4363
663, 4.4363
664, 4.4363
665, 4.4363
666, 4.4363
667, 4.4363
668, 4.4363
669, 4.4363
670, 4.4363
671, 4.4363
672, 4.4363
673, 4.4363
674, 4.4363
675, 4.4363
676, 4.4363
677, 4.4363
678, 4.4363
679, 4.4363
680, 4.4363
681, 4.4363
682, 4.4363
683, 4.4363
684, 4.4363
685, 4.4363
686, 4.4363
687, 4.4363
688, 4.4363
689, 4.4363
690, 4.4363
691, 4.4363
692, 4.4363
693, 4.4363
694, 4.4363
695, 4.4363
696, 4.4363
697, 4.4363
698, 4.4363
699, 4.4363
700, 4.4363
701, 4.4363
702, 4.4363
703, 4.4363
704, 4.4363
705, 4.4363
706, 4.43629
707, 4.43629
708, 4.43629
709, 4.43629
710, 4.43629
711, 4.43629
712, 4.43629
713, 4.43629
714, 4.43629
715, 4.43629
716, 4.43629
717, 4.43629
718, 4.43629
719, 4.43629
720, 4.43629
721, 4.43629
