722, 23.5835
723, 10.9996
724, 7.47179
725, 6.0998
726, 5.45371
727, 5.10819
728, 4.90584
729, 4.77898
730, 4.69513
731, 4.6373
732, 4.59604
733, 4.56572
734, 4.54291
735, 4.52538
736, 4.51167
737, 4.50078
738, 4.492
739, 4.48484
740, 4.47894
741, 4.47403
742, 4.4699
743, 4.4664
744, 4.46342
745, 4.46086
746, 4.45865
747, 4.45672
748, 4.45504
749, 4.45357
750, 4.45226
751, 4.45111
752, 4.45008
753, 4.44917
754, 4.44835
755, 4.44761
756, 4.44695
757, 4.44635
758, 4.4458
759, 4.44531
760, 4.44486
761, 4.44444
762, 4.44407
763, 4.44372
764, 4.4434
765, 4.44311
766, 4.44284
767, 4.44259
768, 4.44236
769, 4.44214
770, 4.44195
771, 4.44176
772, 4.44159
773, 4.44143
774, 4.44128
775, 4.44114
776, 4.441
777, 4.44088
778, 4.44076
779, 4.44066
780, 4.44055
781, 4.44046
782, 4.44037
783, 4.44028
784, 4.4402
785, 4.44012
786, 4.44005
787, 4.43998
788, 4.43992
789, 4.43985
790, 4.4398
791, 4.43974
792, 4.43969
793, 4.43964
794, 4.43959
795, 4.43954
796, 4.4395
797, 4.43946
798, 4.43942
799, 4.43938
800, 4.43935
801, 4.43931
802, 4.43928
803, 4.43925
804, 4.43922
805, 4.43919
806, 4.43916
807, 4.43913
808, 4.43911
809, 4.43908
810, 4.43906
811, 4.43904
812, 4.43902
813, 4.439
814, 4.43898
815, 4.43896
816, 4.43894
817, 4.43892
818, 4.4389
819, 4.43889
820, 4.43887
821, 4.43885
822, 4.43884
823, 4.43883
824, 4.43881
825, 4.4388
826, 4.43879
827, 4.43877
828, 4.43876
829, 4.43875
830, 4.43874
831, 4.43873
832, 4.43872
833, 4.43871
834, 4.4387
835, 4.43869
836, 4.43868
837, 4.43867
838, 4.43866
839, 4.43865
840, 4.43864
841, 4.43863
842, 4.43863
843, 4.43862
844, 4.43861
845, 4.4386
846, 4.4386
847, 4.43859
848, 4.43858
849, 4.43858
850, 4.43857
851, 4.43856
852, 4.43856
853, 4.43855
854, 4.43855
855, 4.43854
856, 4.43854
857, 4.43853
858, 4.43853
859, 4.43852
860, 4.43852
861, 4.43851
862, 4.43851
863, 4.4385
864, 4.4385
865, 4.4385
866, 4.43849
867, 4.43849
868, 4.43848
869, 4.43848
870, 4.43848
871, 4.43847
872, 4.43847
873, 4.43847
874, 4.43846
875, 4.43846
876, 4.43846
877, 4.43845
878, 4.43845
879, 4.43845
880, 4.43844
881, 4.43844
882, 4.43844
883, 4.43843
884, 4.43843
885, 4.43843
886, 4.43843
887, 4.43842
888, 4.43842
889, 4.43842
890, 4.43842
891, 4.43841
892, 4.43841
893, 4.43841
894, 4.43841
895, 4.43841
896, 4.4384
897, 4.4384
898, 4.4384
899, 4.4384
900, 4.4384
901, 4.43839
902, 4.43839
903, 4.43839
904, 4.43839
905, 4.43839
906, 4.43839
907, 4.43838
908, 4.43838
909, 4.43838
910, 4.43838
911, 4.43838
912, 4.43838
913, 4.43837
914, 4.43837
915, 4.43837
916, 4.43837
917, 4.43837
918, 4.43837
919, 4.43837
920, 4.43836
921, 4.43836
922, 4.43836
923, 4.43836
924, 4.43836
925, 4.43836
926, 4.43836
927, 4.43836
928, 4.43835
929, 4.43835
930, 4.43835
931, 4.43835
932, 4.43835
933, 4.43835
934, 4.43835
935, 4.43835
936, 4.43835
937, 4.43834
938, 4.43834
939, 4.43834
940, 4.43834
941, 4.43834
942, 4.43834
943, 4.43834
944, 4.43834
945, 4.43834
946, 4.43834
947, 4.43834
948, 4.43834
949, 4.43833
950, 4.43833
951, 4.43833
952, 4.43833
953, 4.43833
954, 4.43833
955, 4.43833
956, 4.43833
957, 4.43833
958, 4.43833
959, 4.43833
960, 4.43833
961, 4.43833
962, 4.43832
963, 4.43832
964, 4.43832
965, 4.43832
966, 4.43832
967, 4.43832
968, 4.43832
969, 4.43832
970, 4.43832
971, 4.43832
972, 4.43832
973, 4.43832
974, 4.43832
975, 4.43832
976, 4.43832
977, 4.43832
978, 4.43832
979, 4.43831
980, 4.43831
981, 4.43831
982, 4.43831
983, 4.43831
984, 4.43831
985, 4.43831
986, 4.43831
987, 4.43831
988, 4.43831
989, 4.43831
990, 4.43831
991, 4.43831
992, 4.43831
993, 4.43831
994, 4.43831
995, 4.43831
996, 4.43831
997, 4.43831
998, 4.43831
999, 4.43831
1000, 4.4383
1001, 4.4383
1002, 4.4383
1003, 4.4383
1004, 4.4383
1005, 4.4383
1006, 4.4383
1007, 4.4383
1008, 4.4383
1009, 4.4383
1010, 4.4383
1011, 4.4383
1012, 4.4383
1013, 4.4383
1014, 4.4383
1015, 4.4383
1016, 4.4383
1017, 4.4383
1018, 4.4383
1019, 4.4383
1020, 4.4383
1021, 4.4383
1022, 4.4383
1023, 4.4383
1024, 4.4383
1025, 4.4383
1026, 4.4383
1027, 4.4383
1028, 4.4383
1029, 4.43829
1030, 4.43829
1031, 4.43829
1032, 4.43829
1033, 4.43829
1034, 4.43829
1035, 4.43829
1036, 4.43829
1037, 4.43829
1038, 4.43829
1039, 4.43829
1040, 4.43829
1041, 4.43829
1042, 4.43829
1043, 4.43829
1044, 4.43829
1045, 4.43829
1046, 4.43829
1047, 4.43829
1048, 4.43829
1049, 4.43829
1050, 4.43829
1051, 4.43829
1052, 4.43829
1053, 4.43829
1054, 4.43829
1055, 4.43829
1056, 4.43829
1057, 4.43829
1058, 4.43829
1059, 4.43829
1060, 4.43829
1061, 4.43829
1062, 4.43829
1063, 4.43829
1064, 4.43829
1065, 4.43829
1066, 4.43829
1067, 4.43829
1068, 4.43829
1069, 4.43829
1070, 4.43829
1071, 4.43829
1072, 4.43828
1073, 4.43828
1074, 4.43828
1075, 4.43828
1076, 4.43828
1077, 4.43828
1078, 4.43828
1079, 4.43828
1080, 4.43828
1081, 4.43828
1082, 4.43828
1083, 4.43828
1084, 4.43828
1085, 4.43828
1086, 4.43828
1087, 4.43828
1088, 4.43828
1089, 4.43828
1090, 4.43828
1091, 4.43828
1092, 4.43828
1093, 4.43828
1094, 4.43828
1095, 4.43828
1096, 4.43828
1097, 4.43828
1098, 4.43828
1099, 4.43828
1100, 4.43828
1101, 4.43828
1102, 4.43828
1103, 4.43828
1104, 4.43828
1105, 4.43828
1106, 4.43828
1107, 4.43828
1108, 4.43828
1109, 4.43828
1110, 4.43828
1111, 4.43828
1112, 4.43828
1113, 4.43828
1114, 4.43828
1115, 4.43828
1116, 4.43828
1117, 4.43828
1118, 4.43828
1119, 4.43828
1120, 4.43828
1121, 4.43828
1122, 4.43828
1123, 4.43828
1124, 4.43828
1125, 4.43828
1126, 4.43828
1127, 4.43828
1128, 4.43828
1129, 4.43828
1130, 4.43828
1131, 4.43828
1132, 4.43828
1133, 4.43828
1134, 4.43828
1135, 4.43828
1136, 4.43828
1137, 4.43828
1138, 4.43828
1139, 4.43828
1140, 4.43828
1141, 4.43828
1142, 4.43828
1143, 4.43828
1144, 4.43827
1145, 4.43827
1146, 4.43827
1147, 4.43827
1148, 4.43827
1149, 4.43827
1150, 4.43827
1151, 4.43827
1152, 4.43827
1153, 4.43827
1154, 4.43827
1155, 4.43827
1156, 4.43827
1157, 4.43827
1158, 4.43827
1159, 4.43827
1160, 4.43827
1161, 4.43827
1162, 4.43827
1163, 4.43827
1164, 4.43827
1165, 4.43827
1166, 4.43827
1167, 4.43827
1168, 4.43827
1169, 4.43827
1170, 4.43827
1171, 4.43827
1172, 4.43827
1173, 4.43827
1174, 4.43827
1175, 4.43827
1176, 4.43827
1177, 4.43827
1178, 4.43827
1179, 4.43827
1180, 4.43827
1181, 4.43827
1182, 4.43827
1183, 4.43827
1184, 4.43827
1185, 4.43827
1186, 4.43827
1187, 4.43827
1188, 4.43827
1189, 4.43827
1190, 4.43827
1191, 4.43827
1192, 4.43827
1193, 4.43827
1194, 4.43827
1195, 4.43827
1196, 4.43827
1197, 4.43827
1198, 4.43827
1199, 4.43827
1200, 4.43827
1201, 4.43827
1202, 4.43827
1203, 4.43827
1204, 4.43827
1205, 4.43827
1206, 4.43827
1207, 4.43827
1208, 4.43827
1209, 4.43827
1210, 4.43827
1211, 4.43827
1212, 4.43827
1213, 4.43827
1214, 4.43827
1215, 4.43827
1216, 4.43827
1217, 4.43827
1218, 4.43827
1219, 4.43827
1220, 4.43827
1221, 4.43827
1222, 4.43827
1223, 4.43827
1224, 4.43827
1225, 4.43827
1226, 4.43827
1227, 4.43827
1228, 4.43827
1229, 4.43827
1230, 4.43827
1231, 4.43827
1232, 4.43827
1233, 4.43827
1234, 4.43827
1235, 4.43827
1236, 4.43827
1237, 4.43827
1238, 4.43827
1239, 4.43827
1240, 4.43827
1241, 4.43827
1242, 4.43827
1243, 4.43827
1244, 4.43827
1245, 4.43827
1246, 4.43827
1247, 4.43827
1248, 4.43827
1249, 4.43827
1250, 4.43827
1251, 4.43827
1252, 4.43827
1253, 4.43827
1254, 4.43827
1255, 4.43827
1256, 4.43827
1257, 4.43827
1258, 4.43827
1259, 4.43827
1260, 4.43827
1261, 4.43827
1262, 4.43827
1263, 4.43827
1264, 4.43827
1265, 4.43827
1266, 4.43827
1267, 4.43827
1268, 4.43827
1269, 4.43827
1270, 4.43827
1271, 4.43827
1272, 4.43827
1273, 4.43827
1274, 4.43827
1275, 4.43827
1276, 4.43827
1277, 4.43827
1278, 4.43827
1279, 4.43827
1280, 4.43827
