0, 0, 0
0, 0.4, 0.0478354
0, 0.8, 0.0956709
0, 1.2, 0.143506
0, 1.6, 0.191342
0, 2, 0.239177
0, 2.4, 0.287013
0, 2.8, 0.334848
0, 3.2, 0.382683
0, 3.6, 0.423236
0, 4, 0.463789
0, 4.4, 0.504342
0, 4.8, 0.544895
0, 5.2, 0.585448
0, 5.6, 0.626001
0, 6, 0.666554
0, 6.4, 0.707107
0, 6.8, 0.734203
0, 7.2, 0.7613
0, 7.6, 0.788397
0, 8, 0.815493
0, 8.4, 0.84259
0, 8.8, 0.869686
0, 9.2, 0.896783
0, 9.6, 0.92388
0, 10, 0.933395
0, 10.4, 0.94291
0, 10.8, 0.952425
0, 11.2, 0.96194
0, 11.6, 0.971455
0, 12, 0.98097
0, 12.4, 0.990485
0, 12.8, 1
0, 13.2, 0.990485
0, 13.6, 0.98097
0, 14, 0.971455
0, 14.4, 0.96194
0, 14.8, 0.952425
0, 15.2, 0.94291
0, 15.6, 0.933395
0, 16, 0.92388
0, 16.4, 0.896783
0, 16.8, 0.869686
0, 17.2, 0.84259
0, 17.6, 0.815493
0, 18, 0.788397
0, 18.4, 0.7613
0, 18.8, 0.734203
0, 19.2, 0.707107
0, 19.6, 0.666554
0, 20, 0.626001
0, 20.4, 0.585448
0, 20.8, 0.544895
0, 21.2, 0.504342
0, 21.6, 0.463789
0, 22, 0.423236
0, 22.4, 0.382683
0, 22.8, 0.335785
0, 23.2, 0.288887
0, 23.6, 0.241989
0, 24, 0.19509
0, 24.4, 0.146554
0, 24.8, 0.0980171
0, 25.2, 0.0490677
0.4, 0, 0.0883883
0.4, 0.4, 0.127441
0.4, 0.8, 0.166624
0.4, 1.2, 0.206036
0.4, 1.6, 0.245727
0.4, 2, 0.285684
0.4, 2.4, 0.325818
0.4, 2.8, 0.365897
0.4, 3.2, 0.405333
0.4, 3.6, 0.442428
0.4, 4, 0.478777
0.4, 4.4, 0.514862
0.4, 4.8, 0.550808
0.4, 5.2, 0.586583
0.4, 5.6, 0.622024
0.4, 6, 0.656729
0.4, 6.4, 0.689657
0.4, 6.8, 0.717726
0.4, 7.2, 0.743943
0.4, 7.6, 0.769269
0.4, 8, 0.79401
0.4, 8.4, 0.818207
0.4, 8.8, 0.841698
0.4, 9.2, 0.863997
0.4, 9.6, 0.88378
0.4, 10, 0.897047
0.4, 10.4, 0.907756
0.4, 10.8, 0.917191
0.4, 11.2, 0.925785
0.4, 11.6, 0.933632
0.4, 12, 0.940588
0.4, 12.4, 0.946151
0.4, 12.8, 0.9489
0.4, 13.2, 0.944522
0.4, 13.6, 0.937316
0.4, 14, 0.928683
0.4, 14.4, 0.919113
0.4, 14.8, 0.908731
0.4, 15.2, 0.897427
0.4, 15.6, 0.884748
0.4, 16, 0.869394
0.4, 16.4, 0.847385
0.4, 16.8, 0.822699
0.4, 17.2, 0.796639
0.4, 17.6, 0.769665
0.4, 18, 0.741912
0.4, 18.4, 0.713311
0.4, 18.8, 0.683524
0.4, 19.2, 0.651557
0.4, 19.6, 0.614365
0.4, 20, 0.57499
0.4, 20.4, 0.534429
0.4, 20.8, 0.493037
0.4, 21.2, 0.45093
0.4, 21.6, 0.408089
0.4, 22, 0.364351
0.4, 22.4, 0.319232
0.4, 22.8, 0.271268
0.4, 23.2, 0.221851
0.4, 23.6, 0.171378
0.4, 24, 0.119867
0.4, 24.4, 0.0669692
0.4, 24.8, 0.0130142
0.4, 25.2, -0.0420066
0.8, 0, 0.176777
0.8, 0.4, 0.206917
0.8, 0.8, 0.237348
0.8, 1.2, 0.268288
0.8, 1.6, 0.299845
0.8, 2, 0.332016
0.8, 2.4, 0.36468
0.8, 2.8, 0.397587
0.8, 3.2, 0.430322
0.8, 3.6, 0.462365
0.8, 4, 0.494028
0.8, 4.4, 0.525522
0.8, 4.8, 0.556892
0.8, 5.2, 0.588053
0.8, 5.6, 0.618784
0.8, 6, 0.64868
0.8, 6.4, 0.677067
0.8, 6.8, 0.703099
0.8, 7.2, 0.727477
0.8, 7.6, 0.750724
0.8, 8, 0.773072
0.8, 8.4, 0.79453
0.8, 8.8, 0.814901
0.8, 9.2, 0.833729
0.8, 9.6, 0.850197
0.8, 10, 0.863255
0.8, 10.4, 0.873877
0.8, 10.8, 0.882796
0.8, 11.2, 0.890376
0.8, 11.6, 0.896699
0.8, 12, 0.901601
0.8, 12.4, 0.904628
0.8, 12.8, 0.904927
0.8, 13.2, 0.901387
0.8, 13.6, 0.895087
0.8, 14, 0.886849
0.8, 14.4, 0.877097
0.8, 14.8, 0.865958
0.8, 15.2, 0.853318
0.8, 15.6, 0.838777
0.8, 16, 0.821563
0.8, 16.4, 0.800664
0.8, 16.8, 0.777086
0.8, 17.2, 0.751601
0.8, 17.6, 0.724616
0.8, 18, 0.696273
0.8, 18.4, 0.666508
0.8, 18.8, 0.635024
0.8, 19.2, 0.601233
0.8, 19.6, 0.564357
0.8, 20, 0.525164
0.8, 20.4, 0.48424
0.8, 20.8, 0.441895
0.8, 21.2, 0.39825
0.8, 21.6, 0.353285
0.8, 22, 0.306848
0.8, 22.4, 0.258626
0.8, 22.8, 0.208203
0.8, 23.2, 0.15587
0.8, 23.6, 0.101807
0.8, 24, 0.0460296
0.8, 24.4, -0.0115581
0.8, 24.8, -0.0709232
0.8, 25.2, -0.132091
1.2, 0, 0.265165
1.2, 0.4, 0.286103
1.2, 0.8, 0.307564
1.2, 1.2, 0.329921
1.2, 1.6, 0.353349
1.2, 2, 0.377853
1.2, 2.4, 0.403298
1.2, 2.8, 0.42945
1.2, 3.2, 0.456004
1.2, 3.6, 0.482682
1.2, 4, 0.50945
1.2, 4.4, 0.536304
1.2, 4.8, 0.563184
1.2, 5.2, 0.589952
1.2, 5.6, 0.616379
1.2, 6, 0.64214
1.2, 6.4, 0.666833
1.2, 6.8, 0.690124
1.2, 7.2, 0.712143
1.2, 7.6, 0.733079
1.2, 8, 0.753024
1.2, 8.4, 0.771939
1.2, 8.8, 0.789646
1.2, 9.2, 0.805819
1.2, 9.6, 0.820022
1.2, 10, 0.831901
1.2, 10.4, 0.8417
1.2, 10.8, 0.849741
1.2, 11.2, 0.856225
1.2, 11.6, 0.861185
1.2, 12, 0.864489
1.2, 12.4, 0.865834
1.2, 12.8, 0.864791
1.2, 13.2, 0.861011
1.2, 13.6, 0.854796
1.2, 14, 0.84653
1.2, 14.4, 0.836465
1.2, 14.8, 0.824687
1.2, 15.2, 0.811109
1.2, 15.6, 0.795478
1.2, 16, 0.777416
1.2, 16.4, 0.75662
1.2, 16.8, 0.733379
1.2, 17.2, 0.708063
1.2, 17.6, 0.680922
1.2, 18, 0.652057
1.2, 18.4, 0.621422
1.2, 18.8, 0.58883
1.2, 19.2, 0.553991
1.2, 19.6, 0.516667
1.2, 20, 0.477069
1.2, 20.4, 0.435469
1.2, 20.8, 0.392051
1.2, 21.2, 0.346889
1.2, 21.6, 0.299954
1.2, 22, 0.251127
1.2, 22.4, 0.20022
1.2, 22.8, 0.147047
1.2, 23.2, 0.0916175
1.2, 23.6, 0.0339491
1.2, 24, -0.0259976
1.2, 24.4, -0.0883082
1.2, 24.8, -0.153058
1.2, 25.2, -0.220344
1.6, 0, 0.353553
1.6, 0.4, 0.364765
1.6, 0.8, 0.376884
1.6, 1.2, 0.390482
1.6, 1.6, 0.405779
1.6, 2, 0.422747
1.6, 2.4, 0.44121
1.6, 2.8, 0.46091
1.6, 3.2, 0.481562
1.6, 3.6, 0.502908
1.6, 4, 0.524785
1.6, 4.4, 0.547059
1.6, 4.8, 0.569588
1.6, 5.2, 0.592191
1.6, 5.6, 0.61464
1.6, 6, 0.636668
1.6, 6.4, 0.657999
1.6, 6.8, 0.678422
1.6, 7.2, 0.697892
1.6, 7.6, 0.716423
1.6, 8, 0.734005
1.6, 8.4, 0.750557
1.6, 8.8, 0.765924
1.6, 9.2, 0.779879
1.6, 9.6, 0.792171
1.6, 10, 0.802625
1.6, 10.4, 0.811279
1.6, 10.8, 0.818244
1.6, 11.2, 0.823596
1.6, 11.6, 0.827327
1.6, 12, 0.829334
1.6, 12.4, 0.829429
1.6, 12.8, 0.827389
1.6, 13.2, 0.823071
1.6, 13.6, 0.816556
1.6, 14, 0.808006
1.6, 14.4, 0.797546
1.6, 14.8, 0.785214
1.6, 15.2, 0.77095
1.6, 15.6, 0.754608
1.6, 16, 0.736003
1.6, 16.4, 0.715019
1.6, 16.8, 0.691747
1.6, 17.2, 0.666348
1.6, 17.6, 0.638951
1.6, 18, 0.60961
1.6, 18.4, 0.578291
1.6, 18.8, 0.544881
1.6, 19.2, 0.509234
1.6, 19.6, 0.471248
1.6, 20, 0.430974
1.6, 20.4, 0.388516
1.6, 20.8, 0.343952
1.6, 21.2, 0.297299
1.6, 21.6, 0.248512
1.6, 22, 0.197487
1.6, 22.4, 0.144078
1.6, 22.8, 0.0881469
1.6, 23.2, 0.0296039
1.6, 23.6, -0.0316308
1.6, 24, -0.0956612
1.6, 24.4, -0.16262
1.6, 24.8, -0.232656
1.6, 25.2, -0.305943
2, 0, 0.441942
2, 0.4, 0.442518
2, 0.8, 0.444725
2, 1.2, 0.449345
2, 1.6, 0.456538
2, 2, 0.466147
2, 2.4, 0.477885
2, 2.8, 0.491419
2, 3.2, 0.506424
2, 3.6, 0.522605
2, 4, 0.539721
2, 4.4, 0.55756
2, 4.8, 0.575919
2, 5.2, 0.594582
2, 5.6, 0.613321
2, 6, 0.631894
2, 6.4, 0.650073
2, 6.8, 0.667671
2, 7.2, 0.684578
2, 7.6, 0.700718
2, 8, 0.716014
2, 8.4, 0.73036
2, 8.8, 0.743614
2, 9.2, 0.755602
2, 9.6, 0.766155
2, 10, 0.775149
2, 10.4, 0.782547
2, 10.8, 0.788359
2, 11.2, 0.792586
2, 11.6, 0.795191
2, 12, 0.79609
2, 12.4, 0.795157
2, 12.8, 0.792263
2, 13.2, 0.787325
2, 13.6, 0.78035
2, 14, 0.771392
2, 14.4, 0.760497
2, 14.8, 0.747672
2, 15.2, 0.732869
2, 15.6, 0.716
2, 16, 0.696966
2, 16.4, 0.675706
2, 16.8, 0.652239
2, 17.2, 0.626627
2, 17.6, 0.598923
2, 18, 0.569141
2, 18.4, 0.537247
2, 18.8, 0.503169
2, 19.2, 0.466814
2, 19.6, 0.428116
2, 20, 0.387062
2, 20.4, 0.343669
2, 20.8, 0.297938
2, 21.2, 0.249842
2, 21.6, 0.199308
2, 22, 0.146227
2, 22.4, 0.0904593
2, 22.8, 0.0318574
2, 23.2, -0.029719
2, 23.6, -0.0944157
2, 24, -0.162397
2, 24.4, -0.233854
2, 24.8, -0.309003
2, 25.2, -0.38809
2.4, 0, 0.53033
2.4, 0.4, 0.518643
2.4, 0.8, 0.510152
2.4, 1.2, 0.505635
2.4, 1.6, 0.50488
2.4, 2, 0.507419
2.4, 2.4, 0.512761
2.4, 2.8, 0.520457
2.4, 3.2, 0.530108
2.4, 3.6, 0.541367
2.4, 4, 0.553934
2.4, 4.4, 0.567542
2.4, 4.8, 0.581944
2.4, 5.2, 0.596898
2.4, 5.6, 0.612166
2.4, 6, 0.627514
2.4, 6.4, 0.642725
2.4, 6.8, 0.657613
2.4, 7.2, 0.67203
2.4, 7.6, 0.685855
2.4, 8, 0.698972
2.4, 8.4, 0.711255
2.4, 8.8, 0.722567
2.4, 9.2, 0.732761
2.4, 9.6, 0.741697
2.4, 10, 0.749267
2.4, 10.4, 0.755401
2.4, 10.8, 0.760058
2.4, 11.2, 0.763196
2.4, 11.6, 0.764761
2.4, 12, 0.764676
2.4, 12.4, 0.762846
2.4, 12.8, 0.759181
2.4, 13.2, 0.753615
2.4, 13.6, 0.746125
2.4, 14, 0.736712
2.4, 14.4, 0.725377
2.4, 14.8, 0.712105
2.4, 15.2, 0.696852
2.4, 15.6, 0.679556
2.4, 16, 0.660153
2.4, 16.4, 0.638596
2.4, 16.8, 0.614875
2.4, 17.2, 0.588997
2.4, 17.6, 0.56097
2.4, 18, 0.53078
2.4, 18.4, 0.498387
2.4, 18.8, 0.46373
2.4, 19.2, 0.426734
2.4, 19.6, 0.387336
2.4, 20, 0.345489
2.4, 20.4, 0.301155
2.4, 20.8, 0.254289
2.4, 21.2, 0.20482
2.4, 21.6, 0.152651
2.4, 22, 0.0976528
2.4, 22.4, 0.0396729
2.4, 22.8, -0.0214586
2.4, 23.2, -0.0859228
2.4, 23.6, -0.153916
2.4, 24, -0.225659
2.4, 24.4, -0.301397
2.4, 24.8, -0.381412
2.4, 25.2, -0.466017
2.8, 0, 0.618718
2.8, 0.4, 0.59157
2.8, 0.8, 0.571605
2.8, 1.2, 0.558161
2.8, 1.6, 0.549929
2.8, 2, 0.545887
2.8, 2.4, 0.545284
2.8, 2.8, 0.54754
2.8, 3.2, 0.552185
2.8, 3.6, 0.558821
2.8, 4, 0.567104
2.8, 4.4, 0.57673
2.8, 4.8, 0.587416
2.8, 5.2, 0.5989
2.8, 5.6, 0.610931
2.8, 6, 0.62327
2.8, 6.4, 0.6357
2.8, 6.8, 0.648025
2.8, 7.2, 0.660075
2.8, 7.6, 0.6717
2.8, 8, 0.682762
2.8, 8.4, 0.69312
2.8, 8.8, 0.702638
2.8, 9.2, 0.711175
2.8, 9.6, 0.718606
2.8, 10, 0.72482
2.8, 10.4, 0.729732
2.8, 10.8, 0.733273
2.8, 11.2, 0.735378
2.8, 11.6, 0.735981
2.8, 12, 0.735004
2.8, 12.4, 0.732368
2.8, 12.8, 0.727996
2.8, 13.2, 0.721828
2.8, 13.6, 0.713822
2.8, 14, 0.703951
2.8, 14.4, 0.692193
2.8, 14.8, 0.678516
2.8, 15.2, 0.662875
2.8, 15.6, 0.645217
2.8, 16, 0.62549
2.8, 16.4, 0.603649
2.8, 16.8, 0.579664
2.8, 17.2, 0.553514
2.8, 17.6, 0.525177
2.8, 18, 0.494619
2.8, 18.4, 0.46179
2.8, 18.8, 0.426626
2.8, 19.2, 0.389055
2.8, 19.6, 0.349003
2.8, 20, 0.3064
2.8, 20.4, 0.261173
2.8, 20.8, 0.213239
2.8, 21.2, 0.162497
2.8, 21.6, 0.10882
2.8, 22, 0.0520586
2.8, 22.4, -0.00796355
2.8, 22.8, -0.0714434
2.8, 23.2, -0.138598
2.8, 23.6, -0.209669
2.8, 24, -0.284925
2.8, 24.4, -0.364665
2.8, 24.8, -0.449229
2.8, 25.2, -0.538996
3.2, 0, 0.707107
3.2, 0.4, 0.657313
3.2, 0.8, 0.626539
3.2, 1.2, 0.605476
3.2, 1.6, 0.590787
3.2, 2, 0.580917
3.2, 2.4, 0.574948
3.2, 2.8, 0.572235
3.2, 3.2, 0.57227
3.2, 3.6, 0.574626
3.2, 4, 0.578932
3.2, 4.4, 0.584855
3.2, 4.8, 0.59209
3.2, 5.2, 0.600355
3.2, 5.6, 0.609386
3.2, 6, 0.618936
3.2, 6.4, 0.628779
3.2, 6.8, 0.63871
3.2, 7.2, 0.648542
3.2, 7.6, 0.658109
3.2, 8, 0.667253
3.2, 8.4, 0.675827
3.2, 8.8, 0.683686
3.2, 9.2, 0.690696
3.2, 9.6, 0.696729
3.2, 10, 0.701673
3.2, 10.4, 0.705432
3.2, 10.8, 0.707921
3.2, 11.2, 0.709062
3.2, 11.6, 0.708778
3.2, 12, 0.706991
3.2, 12.4, 0.703625
3.2, 12.8, 0.698607
3.2, 13.2, 0.691876
3.2, 13.6, 0.68338
3.2, 14, 0.673077
3.2, 14.4, 0.660927
3.2, 14.8, 0.646887
3.2, 15.2, 0.630911
3.2, 15.6, 0.612946
3.2, 16, 0.592939
3.2, 16.4, 0.570844
3.2, 16.8, 0.546616
3.2, 17.2, 0.520216
3.2, 17.6, 0.491603
3.2, 18, 0.460725
3.2, 18.4, 0.427524
3.2, 18.8, 0.391927
3.2, 19.2, 0.353854
3.2, 19.6, 0.313219
3.2, 20, 0.269932
3.2, 20.4, 0.223895
3.2, 20.8, 0.174995
3.2, 21.2, 0.123105
3.2, 21.6, 0.0680727
3.2, 22, 0.00972314
3.2, 22.4, -0.0521441
3.2, 22.8, -0.117754
3.2, 23.2, -0.187359
3.2, 23.6, -0.261239
3.2, 24, -0.339706
3.2, 24.4, -0.423111
3.2, 24.8, -0.511844
3.2, 25.2, -0.606346
3.6, 0, 0.743718
3.6, 0.4, 0.704035
3.6, 0.8, 0.67176
3.6, 1.2, 0.646416
3.6, 1.6, 0.626825
3.6, 2, 0.612045
3.6, 2.4, 0.601355
3.6, 2.8, 0.59418
3.6, 3.2, 0.590032
3.6, 3.6, 0.588481
3.6, 4, 0.589143
3.6, 4.4, 0.591668
3.6, 4.8, 0.595734
3.6, 5.2, 0.601043
3.6, 5.6, 0.60732
3.6, 6, 0.614308
3.6, 6.4, 0.62177
3.6, 6.8, 0.629492
3.6, 7.2, 0.637275
3.6, 7.6, 0.644938
3.6, 8, 0.652314
3.6, 8.4, 0.659245
3.6, 8.8, 0.665584
3.6, 9.2, 0.671192
3.6, 9.6, 0.67594
3.6, 10, 0.679711
3.6, 10.4, 0.682402
3.6, 10.8, 0.683917
3.6, 11.2, 0.684169
3.6, 11.6, 0.683075
3.6, 12, 0.680555
3.6, 12.4, 0.67653
3.6, 12.8, 0.670929
3.6, 13.2, 0.663686
3.6, 13.6, 0.654743
3.6, 14, 0.644046
3.6, 14.4, 0.631547
3.6, 14.8, 0.617193
3.6, 15.2, 0.600933
3.6, 15.6, 0.582712
3.6, 16, 0.562475
3.6, 16.4, 0.540167
3.6, 16.8, 0.515736
3.6, 17.2, 0.489129
3.6, 17.6, 0.460289
3.6, 18, 0.429153
3.6, 18.4, 0.395651
3.6, 18.8, 0.3597
3.6, 19.2, 0.321211
3.6, 19.6, 0.280084
3.6, 20, 0.236212
3.6, 20.4, 0.189475
3.6, 20.8, 0.13974
3.6, 21.2, 0.0868529
3.6, 21.6, 0.0306403
3.6, 22, -0.0290969
3.6, 22.4, -0.0925835
3.6, 22.8, -0.160073
3.6, 23.2, -0.231847
3.6, 23.6, -0.308222
3.6, 24, -0.389551
3.6, 24.4, -0.476228
3.6, 24.8, -0.568692
3.6, 25.2, -0.667436
4, 0, 0.78033
4, 0.4, 0.74335
4, 0.8, 0.710051
4, 1.2, 0.681602
4, 1.6, 0.658054
4, 2, 0.639081
4, 2.4, 0.624247
4, 2.8, 0.613099
4, 3.2, 0.605196
4, 3.6, 0.600123
4, 4, 0.597491
4, 4.4, 0.596939
4, 4.8, 0.598134
4, 5.2, 0.600764
4, 5.6, 0.604542
4, 6, 0.609203
4, 6.4, 0.614502
4, 6.8, 0.620212
4, 7.2, 0.626126
4, 7.6, 0.632054
4, 8, 0.637818
4, 8.4, 0.643256
4, 8.8, 0.648212
4, 9.2, 0.652546
4, 9.6, 0.656125
4, 10, 0.658828
4, 10.4, 0.660544
4, 10.8, 0.661173
4, 11.2, 0.660621
4, 11.6, 0.658798
4, 12, 0.655621
4, 12.4, 0.65101
4, 12.8, 0.644891
4, 13.2, 0.637194
4, 13.6, 0.627856
4, 14, 0.616817
4, 14.4, 0.604018
4, 14.8, 0.589403
4, 15.2, 0.572914
4, 15.6, 0.554492
4, 16, 0.534078
4, 16.4, 0.51161
4, 16.8, 0.487029
4, 17.2, 0.46027
4, 17.6, 0.431267
4, 18, 0.399945
4, 18.4, 0.366223
4, 18.8, 0.330009
4, 19.2, 0.291202
4, 19.6, 0.249691
4, 20, 0.205353
4, 20.4, 0.158052
4, 20.8, 0.107633
4, 21.2, 0.0539238
4, 21.6, -0.00327013
4, 22, -0.0641696
4, 22.4, -0.129023
4, 22.8, -0.198107
4, 23.2, -0.271735
4, 23.6, -0.350253
4, 24, -0.43405
4, 24.4, -0.523558
4, 24.8, -0.61926
4, 25.2, -0.721697
4.4, 0, 0.816942
4.4, 0.4, 0.778984
4.4, 0.8, 0.743492
4.4, 1.2, 0.711886
4.4, 1.6, 0.684708
4.4, 2, 0.661978
4.4, 2.4, 0.643453
4.4, 2.8, 0.628772
4.4, 3.2, 0.617531
4.4, 3.6, 0.609323
4.4, 4, 0.603758
4.4, 4.4, 0.600464
4.4, 4.8, 0.599096
4.4, 5.2, 0.599335
4.4, 5.6, 0.600881
4.4, 6, 0.603461
4.4, 6.4, 0.606821
4.4, 6.8, 0.610726
4.4, 7.2, 0.614963
4.4, 7.6, 0.619331
4.4, 8, 0.623649
4.4, 8.4, 0.627745
4.4, 8.8, 0.631462
4.4, 9.2, 0.634654
4.4, 9.6, 0.637184
4.4, 10, 0.638929
4.4, 10.4, 0.639773
4.4, 10.8, 0.63961
4.4, 11.2, 0.63834
4.4, 11.6, 0.635872
4.4, 12, 0.632118
4.4, 12.4, 0.626996
4.4, 12.8, 0.620428
4.4, 13.2, 0.612342
4.4, 13.6, 0.602669
4.4, 14, 0.591343
4.4, 14.4, 0.578302
4.4, 14.8, 0.563483
4.4, 15.2, 0.546824
4.4, 15.6, 0.528261
4.4, 16, 0.50773
4.4, 16.4, 0.485164
4.4, 16.8, 0.460495
4.4, 17.2, 0.433653
4.4, 17.6, 0.40456
4.4, 18, 0.373133
4.4, 18.4, 0.339282
4.4, 18.8, 0.302906
4.4, 19.2, 0.263894
4.4, 19.6, 0.222122
4.4, 20, 0.177455
4.4, 20.4, 0.129742
4.4, 20.8, 0.0788124
4.4, 21.2, 0.024477
4.4, 21.6, -0.0334776
4.4, 22, -0.0952911
4.4, 22.4, -0.161232
4.4, 22.8, -0.231601
4.4, 23.2, -0.306735
4.4, 23.6, -0.387007
4.4, 24, -0.472838
4.4, 24.4, -0.564694
4.4, 24.8, -0.663095
4.4, 25.2, -0.768622
4.8, 0, 0.853553
4.8, 0.4, 0.81215
4.8, 0.8, 0.773047
4.8, 1.2, 0.737743
4.8, 1.6, 0.706913
4.8, 2, 0.680669
4.8, 2.4, 0.658815
4.8, 2.8, 0.641004
4.8, 3.2, 0.626831
4.8, 3.6, 0.615881
4.8, 4, 0.607752
4.8, 4.4, 0.602061
4.8, 4.8, 0.598453
4.8, 5.2, 0.596596
4.8, 5.6, 0.596186
4.8, 6, 0.596938
4.8, 6.4, 0.598593
4.8, 6.8, 0.600909
4.8, 7.2, 0.603666
4.8, 7.6, 0.606659
4.8, 8, 0.609699
4.8, 8.4, 0.612612
4.8, 8.8, 0.615236
4.8, 9.2, 0.617421
4.8, 9.6, 0.619028
4.8, 10, 0.61993
4.8, 10.4, 0.620007
4.8, 10.8, 0.61915
4.8, 11.2, 0.617256
4.8, 11.6, 0.61423
4.8, 12, 0.609981
4.8, 12.4, 0.604425
4.8, 12.8, 0.597481
4.8, 13.2, 0.589073
4.8, 13.6, 0.57913
4.8, 14, 0.567582
4.8, 14.4, 0.554361
4.8, 14.8, 0.539401
4.8, 15.2, 0.522635
4.8, 15.6, 0.503995
4.8, 16, 0.483413
4.8, 16.4, 0.460817
4.8, 16.8, 0.436133
4.8, 17.2, 0.409282
4.8, 17.6, 0.380183
4.8, 18, 0.348743
4.8, 18.4, 0.314863
4.8, 18.8, 0.278436
4.8, 19.2, 0.239341
4.8, 19.6, 0.197445
4.8, 20, 0.152601
4.8, 20.4, 0.104645
4.8, 20.8, 0.053395
4.8, 21.2, -0.0013535
4.8, 21.6, -0.0598291
4.8, 22, -0.122288
4.8, 22.4, -0.189016
4.8, 22.8, -0.260333
4.8, 23.2, -0.336596
4.8, 23.6, -0.418205
4.8, 24, -0.505603
4.8, 24.4, -0.599285
4.8, 24.8, -0.699804
4.8, 25.2, -0.807774
5.2, 0, 0.890165
5.2, 0.4, 0.843016
5.2, 0.8, 0.798803
5.2, 1.2, 0.759127
5.2, 1.6, 0.72453
5.2, 2, 0.694971
5.2, 2.4, 0.670134
5.2, 2.8, 0.649597
5.2, 3.2, 0.632907
5.2, 3.6, 0.619618
5.2, 4, 0.609306
5.2, 4.4, 0.601575
5.2, 4.8, 0.596057
5.2, 5.2, 0.592412
5.2, 5.6, 0.590326
5.2, 6, 0.589512
5.2, 6.4, 0.589702
5.2, 6.8, 0.590651
5.2, 7.2, 0.592132
5.2, 7.6, 0.593938
5.2, 8, 0.595876
5.2, 8.4, 0.597767
5.2, 8.8, 0.599447
5.2, 9.2, 0.600764
5.2, 9.6, 0.601576
5.2, 10, 0.601753
5.2, 10.4, 0.601174
5.2, 10.8, 0.599725
5.2, 11.2, 0.597303
5.2, 11.6, 0.593808
5.2, 12, 0.589149
5.2, 12.4, 0.583239
5.2, 12.8, 0.575995
5.2, 13.2, 0.567338
5.2, 13.6, 0.557194
5.2, 14, 0.545491
5.2, 14.4, 0.532156
5.2, 14.8, 0.517122
5.2, 15.2, 0.500316
5.2, 15.6, 0.481668
5.2, 16, 0.461106
5.2, 16.4, 0.438553
5.2, 16.8, 0.413932
5.2, 17.2, 0.387158
5.2, 17.6, 0.358142
5.2, 18, 0.326787
5.2, 18.4, 0.292989
5.2, 18.8, 0.25663
5.2, 19.2, 0.217585
5.2, 19.6, 0.175712
5.2, 20, 0.130854
5.2, 20.4, 0.0828389
5.2, 20.8, 0.0314728
5.2, 21.2, -0.02346
5.2, 21.6, -0.0822004
5.2, 22, -0.145018
5.2, 22.4, -0.212212
5.2, 22.8, -0.28412
5.2, 23.2, -0.361115
5.2, 23.6, -0.443614
5.2, 24, -0.532084
5.2, 24.4, -0.627041
5.2, 24.8, -0.729062
5.2, 25.2, -0.838791
5.6, 0, 0.926777
5.6, 0.4, 0.870945
5.6, 0.8, 0.820022
5.6, 1.2, 0.775431
5.6, 1.6, 0.73711
5.6, 2, 0.704549
5.6, 2.4, 0.677153
5.6, 2.8, 0.654343
5.6, 3.2, 0.635582
5.6, 3.6, 0.620377
5.6, 4, 0.608279
5.6, 4.4, 0.598875
5.6, 4.8, 0.591786
5.6, 5.2, 0.586666
5.6, 5.6, 0.583195
5.6, 6, 0.58108
5.6, 6.4, 0.580051
5.6, 6.8, 0.579858
5.6, 7.2, 0.580273
5.6, 7.6, 0.581084
5.6, 8, 0.582097
5.6, 8.4, 0.583132
5.6, 8.8, 0.584021
5.6, 9.2, 0.58461
5.6, 9.6, 0.584758
5.6, 10, 0.584331
5.6, 10.4, 0.583207
5.6, 10.8, 0.581272
5.6, 11.2, 0.578419
5.6, 11.6, 0.574549
5.6, 12, 0.569566
5.6, 12.4, 0.563384
5.6, 12.8, 0.555918
5.6, 13.2, 0.547087
5.6, 13.6, 0.536815
5.6, 14, 0.525027
5.6, 14.4, 0.511649
5.6, 14.8, 0.496609
5.6, 15.2, 0.479835
5.6, 15.6, 0.461253
5.6, 16, 0.440785
5.6, 16.4, 0.418355
5.6, 16.8, 0.39388
5.6, 17.2, 0.367271
5.6, 17.6, 0.338436
5.6, 18, 0.307272
5.6, 18.4, 0.27367
5.6, 18.8, 0.237508
5.6, 19.2, 0.198653
5.6, 19.6, 0.156959
5.6, 20, 0.112261
5.6, 20.4, 0.0643804
5.6, 20.8, 0.0131141
5.6, 21.2, -0.0417619
5.6, 21.6, -0.100498
5.6, 22, -0.163373
5.6, 22.4, -0.230698
5.6, 22.8, -0.302822
5.6, 23.2, -0.380131
5.6, 23.6, -0.463056
5.6, 24, -0.552078
5.6, 24.4, -0.647733
5.6, 24.8, -0.750615
5.6, 25.2, -0.861387
6, 0, 0.963388
6, 0.4, 0.893965
6, 0.8, 0.83491
6, 1.2, 0.785465
6, 1.6, 0.743928
6, 2, 0.708962
6, 2.4, 0.679586
6, 2.8, 0.65504
6, 3.2, 0.634699
6, 3.6, 0.61803
6, 4, 0.604558
6, 4.4, 0.593859
6, 4.8, 0.585547
6, 5.2, 0.579271
6, 5.6, 0.574708
6, 6, 0.571562
6, 6.4, 0.569562
6, 6.8, 0.568457
6, 7.2, 0.568016
6, 7.6, 0.568028
6, 8, 0.568296
6, 8.4, 0.56864
6, 8.8, 0.568892
6, 9.2, 0.568897
6, 9.6, 0.568512
6, 10, 0.567604
6, 10.4, 0.566051
6, 10.8, 0.563735
6, 11.2, 0.560551
6, 11.6, 0.556398
6, 12, 0.551181
6, 12.4, 0.544811
6, 12.8, 0.537203
6, 13.2, 0.528275
6, 13.6, 0.517949
6, 14, 0.506149
6, 14.4, 0.4928
6, 14.8, 0.477829
6, 15.2, 0.46116
6, 15.6, 0.442717
6, 16, 0.422424
6, 16.4, 0.400199
6, 16.8, 0.375957
6, 17.2, 0.349607
6, 17.6, 0.321054
6, 18, 0.290191
6, 18.4, 0.256906
6, 18.8, 0.221074
6, 19.2, 0.182557
6, 19.6, 0.141205
6, 20, 0.0968491
6, 20.4, 0.0493036
6, 20.8, -0.00163834
6, 21.2, -0.0562069
6, 21.6, -0.114659
6, 22, -0.17728
6, 22.4, -0.244389
6, 22.8, -0.316341
6, 23.2, -0.393531
6, 23.6, -0.476402
6, 24, -0.565442
6, 24.4, -0.661198
6, 24.8, -0.764278
6, 25.2, -0.875356
6.4, 0, 1
6.4, 0.4, 0.906618
6.4, 0.8, 0.840186
6.4, 1.2, 0.787593
6.4, 1.6, 0.744173
6.4, 2, 0.707785
6.4, 2.4, 0.677189
6.4, 2.8, 0.65153
6.4, 3.2, 0.630146
6.4, 3.6, 0.612483
6.4, 4, 0.598062
6.4, 4.4, 0.586454
6.4, 4.8, 0.577271
6.4, 5.2, 0.570161
6.4, 5.6, 0.564802
6.4, 6, 0.560897
6.4, 6.4, 0.558177
6.4, 6.8, 0.556389
6.4, 7.2, 0.555306
6.4, 7.6, 0.554714
6.4, 8, 0.554418
6.4, 8.4, 0.554238
6.4, 8.8, 0.554008
6.4, 9.2, 0.553572
6.4, 9.6, 0.552787
6.4, 10, 0.551522
6.4, 10.4, 0.549653
6.4, 10.8, 0.547065
6.4, 11.2, 0.543651
6.4, 11.6, 0.53931
6.4, 12, 0.533947
6.4, 12.4, 0.527474
6.4, 12.8, 0.519804
6.4, 13.2, 0.510857
6.4, 13.6, 0.500553
6.4, 14, 0.488816
6.4, 14.4, 0.475571
6.4, 14.8, 0.460742
6.4, 15.2, 0.444254
6.4, 15.6, 0.42603
6.4, 16, 0.405991
6.4, 16.4, 0.384056
6.4, 16.8, 0.360137
6.4, 17.2, 0.334144
6.4, 17.6, 0.305977
6.4, 18, 0.275529
6.4, 18.4, 0.242686
6.4, 18.8, 0.207321
6.4, 19.2, 0.169294
6.4, 19.6, 0.128451
6.4, 20, 0.0846226
6.4, 20.4, 0.0376197
6.4, 20.8, -0.0127673
6.4, 21.2, -0.0667718
6.4, 21.6, -0.124654
6.4, 22, -0.186702
6.4, 22.4, -0.253238
6.4, 22.8, -0.324623
6.4, 23.2, -0.401255
6.4, 23.6, -0.483579
6.4, 24, -0.57209
6.4, 24.4, -0.667341
6.4, 24.8, -0.769942
6.4, 25.2, -0.880576
6.8, 0, 0.963388
6.8, 0.4, 0.89232
6.8, 0.8, 0.831624
6.8, 1.2, 0.780546
6.8, 1.6, 0.737387
6.8, 2, 0.700816
6.8, 2.4, 0.669854
6.8, 2.8, 0.643745
6.8, 3.2, 0.62187
6.8, 3.6, 0.603696
6.8, 4, 0.588754
6.8, 4.4, 0.576623
6.8, 4.8, 0.566921
6.8, 5.2, 0.5593
6.8, 5.6, 0.55344
6.8, 6, 0.549049
6.8, 6.4, 0.545857
6.8, 6.8, 0.543617
6.8, 7.2, 0.542102
6.8, 7.6, 0.541102
6.8, 8, 0.540423
6.8, 8.4, 0.539887
6.8, 8.8, 0.539328
6.8, 9.2, 0.538593
6.8, 9.6, 0.537542
6.8, 10, 0.536042
6.8, 10.4, 0.533973
6.8, 10.8, 0.531219
6.8, 11.2, 0.527675
6.8, 11.6, 0.52324
6.8, 12, 0.517822
6.8, 12.4, 0.51133
6.8, 12.8, 0.503681
6.8, 13.2, 0.494794
6.8, 13.6, 0.484589
6.8, 14, 0.47299
6.8, 14.4, 0.459922
6.8, 14.8, 0.445311
6.8, 15.2, 0.42908
6.8, 15.6, 0.411154
6.8, 16, 0.391452
6.8, 16.4, 0.369893
6.8, 16.8, 0.346389
6.8, 17.2, 0.32085
6.8, 17.6, 0.293176
6.8, 18, 0.263259
6.8, 18.4, 0.230985
6.8, 18.8, 0.196226
6.8, 19.2, 0.158842
6.8, 19.6, 0.118679
6.8, 20, 0.0755671
6.8, 20.4, 0.0293167
6.8, 20.8, -0.020282
6.8, 21.2, -0.0734625
6.8, 21.6, -0.130485
6.8, 22, -0.191637
6.8, 22.4, -0.257243
6.8, 22.8, -0.32766
6.8, 23.2, -0.403287
6.8, 23.6, -0.48457
6.8, 24, -0.572002
6.8, 24.4, -0.666133
6.8, 24.8, -0.767575
6.8, 25.2, -0.877007
7.2, 0, 0.926777
7.2, 0.4, 0.867651
7.2, 0.8, 0.813442
7.2, 1.2, 0.765581
7.2, 1.6, 0.724012
7.2, 2, 0.688237
7.2, 2.4, 0.657665
7.2, 2.8, 0.631727
7.2, 3.2, 0.609891
7.2, 3.6, 0.591675
7.2, 4, 0.576634
7.2, 4.4, 0.564363
7.2, 4.8, 0.554491
7.2, 5.2, 0.546677
7.2, 5.6, 0.540609
7.2, 6, 0.535999
7.2, 6.4, 0.532584
7.2, 6.8, 0.53012
7.2, 7.2, 0.528383
7.2, 7.6, 0.527168
7.2, 8, 0.526285
7.2, 8.4, 0.525557
7.2, 8.8, 0.524822
7.2, 9.2, 0.52393
7.2, 9.6, 0.522743
7.2, 10, 0.521131
7.2, 10.4, 0.518975
7.2, 10.8, 0.516161
7.2, 11.2, 0.512587
7.2, 11.6, 0.508153
7.2, 12, 0.502767
7.2, 12.4, 0.496342
7.2, 12.8, 0.488795
7.2, 13.2, 0.480045
7.2, 13.6, 0.470015
7.2, 14, 0.458629
7.2, 14.4, 0.445814
7.2, 14.8, 0.431496
7.2, 15.2, 0.415599
7.2, 15.6, 0.398049
7.2, 16, 0.378766
7.2, 16.4, 0.35767
7.2, 16.8, 0.334674
7.2, 17.2, 0.309688
7.2, 17.6, 0.282613
7.2, 18, 0.253343
7.2, 18.4, 0.221765
7.2, 18.8, 0.187752
7.2, 19.2, 0.151165
7.2, 19.6, 0.111853
7.2, 20, 0.0696466
7.2, 20.4, 0.0243587
7.2, 20.8, -0.0242181
7.2, 21.2, -0.0763146
7.2, 21.6, -0.132188
7.2, 22, -0.192123
7.2, 22.4, -0.256438
7.2, 22.8, -0.325488
7.2, 23.2, -0.399667
7.2, 23.6, -0.479413
7.2, 24, -0.565215
7.2, 24.4, -0.657615
7.2, 24.8, -0.757217
7.2, 25.2, -0.864692
7.6, 0, 0.890165
7.6, 0.4, 0.838065
7.6, 0.8, 0.788913
7.6, 1.2, 0.744322
7.6, 1.6, 0.704845
7.6, 2, 0.670453
7.6, 2.4, 0.640844
7.6, 2.8, 0.615604
7.6, 3.2, 0.594294
7.6, 3.6, 0.576478
7.6, 4, 0.561743
7.6, 4.4, 0.549703
7.6, 4.8, 0.540001
7.6, 5.2, 0.532308
7.6, 5.6, 0.526319
7.6, 6, 0.521755
7.6, 6.4, 0.518359
7.6, 6.8, 0.515894
7.6, 7.2, 0.514142
7.6, 7.6, 0.512902
7.6, 8, 0.511989
7.6, 8.4, 0.511232
7.6, 8.8, 0.510471
7.6, 9.2, 0.509562
7.6, 9.6, 0.508368
7.6, 10, 0.506764
7.6, 10.4, 0.504632
7.6, 10.8, 0.501863
7.6, 11.2, 0.498356
7.6, 11.6, 0.494015
7.6, 12, 0.48875
7.6, 12.4, 0.482474
7.6, 12.8, 0.475108
7.6, 13.2, 0.466573
7.6, 13.6, 0.456793
7.6, 14, 0.445696
7.6, 14.4, 0.433207
7.6, 14.8, 0.419256
7.6, 15.2, 0.40377
7.6, 15.6, 0.386673
7.6, 16, 0.367891
7.6, 16.4, 0.347343
7.6, 16.8, 0.324946
7.6, 17.2, 0.30061
7.6, 17.6, 0.27424
7.6, 18, 0.245733
7.6, 18.4, 0.214977
7.6, 18.8, 0.181848
7.6, 19.2, 0.146211
7.6, 19.6, 0.107918
7.6, 20, 0.0668043
7.6, 20.4, 0.0226867
7.6, 20.8, -0.0246373
7.6, 21.2, -0.0753929
7.6, 21.6, -0.129831
7.6, 22, -0.18823
7.6, 22.4, -0.250901
7.6, 22.8, -0.318189
7.6, 23.2, -0.39048
7.6, 23.6, -0.468202
7.6, 24, -0.55183
7.6, 24.4, -0.641896
7.6, 24.8, -0.738987
7.6, 25.2, -0.84376
8, 0, 0.853553
8, 0.4, 0.80553
8, 0.8, 0.759824
8, 1.2, 0.717948
8, 1.6, 0.680592
8, 2, 0.647887
8, 2.4, 0.619651
8, 2.8, 0.595552
8, 3.2, 0.575202
8, 3.6, 0.558199
8, 4, 0.544156
8, 4.4, 0.532705
8, 4.8, 0.523503
8, 5.2, 0.516233
8, 5.6, 0.510603
8, 6, 0.506342
8, 6.4, 0.503202
8, 6.8, 0.500954
8, 7.2, 0.499388
8, 7.6, 0.498309
8, 8, 0.497538
8, 8.4, 0.496909
8, 8.8, 0.496269
8, 9.2, 0.495477
8, 9.6, 0.494402
8, 10, 0.492922
8, 10.4, 0.490924
8, 10.8, 0.488302
8, 11.2, 0.484959
8, 11.6, 0.4808
8, 12, 0.47574
8, 12.4, 0.469696
8, 12.8, 0.462589
8, 13.2, 0.454344
8, 13.6, 0.444888
8, 14, 0.43415
8, 14.4, 0.422061
8, 14.8, 0.40855
8, 15.2, 0.393547
8, 15.6, 0.376981
8, 16, 0.358779
8, 16.4, 0.338863
8, 16.8, 0.317153
8, 17.2, 0.293564
8, 17.6, 0.268002
8, 18, 0.24037
8, 18.4, 0.210558
8, 18.8, 0.178448
8, 19.2, 0.14391
8, 19.6, 0.106801
8, 20, 0.0669627
8, 20.4, 0.0242181
8, 20.8, -0.0216275
8, 21.2, -0.0707914
8, 21.6, -0.123515
8, 22, -0.180068
8, 22.4, -0.240748
8, 22.8, -0.30589
8, 23.2, -0.375864
8, 23.6, -0.451084
8, 24, -0.53201
8, 24.4, -0.619151
8, 24.8, -0.713077
8, 25.2, -0.814419
8.4, 0, 0.816942
8.4, 0.4, 0.770679
8.4, 0.8, 0.726904
8.4, 1.2, 0.687053
8.4, 1.6, 0.651689
8.4, 2, 0.620853
8.4, 2.4, 0.594321
8.4, 2.8, 0.571752
8.4, 3.2, 0.552762
8.4, 3.6, 0.536961
8.4, 4, 0.523977
8.4, 4.4, 0.513457
8.4, 4.8, 0.505072
8.4, 5.2, 0.498519
8.4, 5.6, 0.493517
8.4, 6, 0.489807
8.4, 6.4, 0.487152
8.4, 6.8, 0.485332
8.4, 7.2, 0.484146
8.4, 7.6, 0.483407
8.4, 8, 0.482943
8.4, 8.4, 0.482596
8.4, 8.8, 0.482218
8.4, 9.2, 0.481675
8.4, 9.6, 0.48084
8.4, 10, 0.479598
8.4, 10.4, 0.477839
8.4, 10.8, 0.475462
8.4, 11.2, 0.472374
8.4, 11.6, 0.468485
8.4, 12, 0.463713
8.4, 12.4, 0.457978
8.4, 12.8, 0.451206
8.4, 13.2, 0.443324
8.4, 13.6, 0.434262
8.4, 14, 0.423954
8.4, 14.4, 0.412333
8.4, 14.8, 0.399332
8.4, 15.2, 0.384885
8.4, 15.6, 0.368923
8.4, 16, 0.351377
8.4, 16.4, 0.332174
8.4, 16.8, 0.311237
8.4, 17.2, 0.288486
8.4, 17.6, 0.263833
8.4, 18, 0.237183
8.4, 18.4, 0.208434
8.4, 18.8, 0.177473
8.4, 19.2, 0.144178
8.4, 19.6, 0.108412
8.4, 20, 0.0700243
8.4, 20.4, 0.0288482
8.4, 20.8, -0.0153019
8.4, 21.2, -0.0626324
8.4, 21.6, -0.113373
8.4, 22, -0.167779
8.4, 22.4, -0.226136
8.4, 22.8, -0.28876
8.4, 23.2, -0.356005
8.4, 23.6, -0.428263
8.4, 24, -0.505973
8.4, 24.4, -0.589622
8.4, 24.8, -0.67975
8.4, 25.2, -0.776961
8.8, 0, 0.78033
8.8, 0.4, 0.733342
8.8, 0.8, 0.690058
8.8, 1.2, 0.651672
8.8, 1.6, 0.618258
8.8, 2, 0.589513
8.8, 2.4, 0.565028
8.8, 2.8, 0.544373
8.8, 3.2, 0.527131
8.8, 3.6, 0.512907
8.8, 4, 0.501335
8.8, 4.4, 0.492074
8.8, 4.8, 0.48481
8.8, 5.2, 0.479253
8.8, 5.6, 0.475138
8.8, 6, 0.472217
8.8, 6.4, 0.470267
8.8, 6.8, 0.469077
8.8, 7.2, 0.468457
8.8, 7.6, 0.468229
8.8, 8, 0.468231
8.8, 8.4, 0.468312
8.8, 8.8, 0.468332
8.8, 9.2, 0.468163
8.8, 9.6, 0.467686
8.8, 10, 0.466789
8.8, 10.4, 0.46537
8.8, 10.8, 0.463333
8.8, 11.2, 0.460589
8.8, 11.6, 0.457053
8.8, 12, 0.452648
8.8, 12.4, 0.447297
8.8, 12.8, 0.440931
8.8, 13.2, 0.433481
8.8, 13.6, 0.424882
8.8, 14, 0.41507
8.8, 14.4, 0.403983
8.8, 14.8, 0.391559
8.8, 15.2, 0.377734
8.8, 15.6, 0.362446
8.8, 16, 0.34563
8.8, 16.4, 0.327216
8.8, 16.8, 0.307134
8.8, 17.2, 0.285308
8.8, 17.6, 0.261657
8.8, 18, 0.236092
8.8, 18.4, 0.208518
8.8, 18.8, 0.178831
8.8, 19.2, 0.146914
8.8, 19.6, 0.112641
8.8, 20, 0.0758721
8.8, 20.4, 0.0364501
8.8, 20.8, -0.00579804
8.8, 21.2, -0.0510654
8.8, 21.6, -0.0995668
8.8, 22, -0.151542
8.8, 22.4, -0.207257
8.8, 22.8, -0.26701
8.8, 23.2, -0.331132
8.8, 23.6, -0.399991
8.8, 24, -0.474
8.8, 24.4, -0.553614
8.8, 24.8, -0.639343
8.8, 25.2, -0.731752
9.2, 0, 0.743718
9.2, 0.4, 0.6923
9.2, 0.8, 0.648316
9.2, 1.2, 0.611318
9.2, 1.6, 0.580156
9.2, 2, 0.553915
9.2, 2.4, 0.531906
9.2, 2.8, 0.513581
9.2, 3.2, 0.498481
9.2, 3.6, 0.486201
9.2, 4, 0.476381
9.2, 4.4, 0.468693
9.2, 4.8, 0.46284
9.2, 5.2, 0.458547
9.2, 5.6, 0.455563
9.2, 6, 0.453658
9.2, 6.4, 0.45262
9.2, 6.8, 0.452252
9.2, 7.2, 0.452375
9.2, 7.6, 0.452822
9.2, 8, 0.45344
9.2, 8.4, 0.454088
9.2, 8.8, 0.454635
9.2, 9.2, 0.45496
9.2, 9.6, 0.45495
9.2, 10, 0.454502
9.2, 10.4, 0.453519
9.2, 10.8, 0.451911
9.2, 11.2, 0.449594
9.2, 11.6, 0.446491
9.2, 12, 0.442526
9.2, 12.4, 0.43763
9.2, 12.8, 0.431738
9.2, 13.2, 0.424786
9.2, 13.6, 0.416713
9.2, 14, 0.40746
9.2, 14.4, 0.39697
9.2, 14.8, 0.385184
9.2, 15.2, 0.372046
9.2, 15.6, 0.357497
9.2, 16, 0.341478
9.2, 16.4, 0.323925
9.2, 16.8, 0.304773
9.2, 17.2, 0.283954
9.2, 17.6, 0.261393
9.2, 18, 0.237009
9.2, 18.4, 0.210715
9.2, 18.8, 0.182415
9.2, 19.2, 0.152004
9.2, 19.6, 0.119366
9.2, 20, 0.0843707
9.2, 20.4, 0.0468764
9.2, 20.8, 0.00672327
9.2, 21.2, -0.0362659
9.2, 21.6, -0.0822887
9.2, 22, -0.131565
9.2, 22.4, -0.184342
9.2, 22.8, -0.240892
9.2, 23.2, -0.301522
9.2, 23.6, -0.366572
9.2, 24, -0.436421
9.2, 24.4, -0.511492
9.2, 24.8, -0.592255
9.2, 25.2, -0.679234
9.6, 0, 0.707107
9.6, 0.4, 0.643823
9.6, 0.8, 0.599589
9.6, 1.2, 0.565128
9.6, 1.6, 0.537133
9.6, 2, 0.514085
9.6, 2.4, 0.495099
9.6, 2.8, 0.479566
9.6, 3.2, 0.46701
9.6, 3.6, 0.457035
9.6, 4, 0.449294
9.6, 4.4, 0.443479
9.6, 4.8, 0.439309
9.6, 5.2, 0.436531
9.6, 5.6, 0.43491
9.6, 6, 0.434233
9.6, 6.4, 0.434302
9.6, 6.8, 0.434936
9.6, 7.2, 0.435968
9.6, 7.6, 0.437244
9.6, 8, 0.43862
9.6, 8.4, 0.439966
9.6, 8.8, 0.441161
9.6, 9.2, 0.442091
9.6, 9.6, 0.442653
9.6, 10, 0.44275
9.6, 10.4, 0.442292
9.6, 10.8, 0.441197
9.6, 11.2, 0.439387
9.6, 11.6, 0.436789
9.6, 12, 0.433334
9.6, 12.4, 0.42896
9.6, 12.8, 0.423605
9.6, 13.2, 0.417211
9.6, 13.6, 0.409723
9.6, 14, 0.401087
9.6, 14.4, 0.39125
9.6, 14.8, 0.380161
9.6, 15.2, 0.367768
9.6, 15.6, 0.354018
9.6, 16, 0.338857
9.6, 16.4, 0.32223
9.6, 16.8, 0.304079
9.6, 17.2, 0.284341
9.6, 17.6, 0.26295
9.6, 18, 0.239834
9.6, 18.4, 0.214916
9.6, 18.8, 0.188109
9.6, 19.2, 0.15932
9.6, 19.6, 0.128445
9.6, 20, 0.0953674
9.6, 20.4, 0.0599599
9.6, 20.8, 0.0220793
9.6, 21.2, -0.0184339
9.6, 21.6, -0.0617577
9.6, 22, -0.108091
9.6, 22.4, -0.157654
9.6, 22.8, -0.210696
9.6, 23.2, -0.267493
9.6, 23.6, -0.328354
9.6, 24, -0.39362
9.6, 24.4, -0.463678
9.6, 24.8, -0.538952
9.6, 25.2, -0.619919
10, 0, 0.618718
10, 0.4, 0.576296
10, 0.8, 0.54109
10, 1.2, 0.51247
10, 1.6, 0.489165
10, 2, 0.470192
10, 2.4, 0.45484
10, 2.8, 0.442573
10, 3.2, 0.432959
10, 3.6, 0.425635
10, 4, 0.420282
10, 4.4, 0.416618
10, 4.8, 0.414388
10, 5.2, 0.413358
10, 5.6, 0.413314
10, 6, 0.414062
10, 6.4, 0.41542
10, 6.8, 0.417224
10, 7.2, 0.419319
10, 7.6, 0.421565
10, 8, 0.423831
10, 8.4, 0.425996
10, 8.8, 0.427951
10, 9.2, 0.42959
10, 9.6, 0.43082
10, 10, 0.431552
10, 10.4, 0.431703
10, 10.8, 0.431199
10, 11.2, 0.429967
10, 11.6, 0.427943
10, 12, 0.425063
10, 12.4, 0.421271
10, 12.8, 0.41651
10, 13.2, 0.41073
10, 13.6, 0.403881
10, 14, 0.395914
10, 14.4, 0.386783
10, 14.8, 0.376442
10, 15.2, 0.364846
10, 15.6, 0.351948
10, 16, 0.337702
10, 16.4, 0.32206
10, 16.8, 0.30497
10, 17.2, 0.286379
10, 17.6, 0.26623
10, 18, 0.244461
10, 18.4, 0.221003
10, 18.8, 0.195784
10, 19.2, 0.168721
10, 19.6, 0.139725
10, 20, 0.108693
10, 20.4, 0.0755158
10, 20.8, 0.040067
10, 21.2, 0.00220763
10, 21.6, -0.0382184
10, 22, -0.0813855
10, 22.4, -0.127489
10, 22.8, -0.176746
10, 23.2, -0.229402
10, 23.6, -0.285729
10, 24, -0.34603
10, 24.4, -0.410646
10, 24.8, -0.479956
10, 25.2, -0.554382
10.4, 0, 0.53033
10.4, 0.4, 0.501552
10.4, 0.8, 0.476004
10.4, 1.2, 0.454499
10.4, 1.6, 0.436864
10.4, 2, 0.422677
10.4, 2.4, 0.411497
10.4, 2.8, 0.402928
10.4, 3.2, 0.39662
10.4, 3.6, 0.392263
10.4, 4, 0.389582
10.4, 4.4, 0.388325
10.4, 4.8, 0.388267
10.4, 5.2, 0.389198
10.4, 5.6, 0.390928
10.4, 6, 0.39328
10.4, 6.4, 0.396094
10.4, 6.8, 0.39922
10.4, 7.2, 0.402519
10.4, 7.6, 0.405866
10.4, 8, 0.409142
10.4, 8.4, 0.412239
10.4, 8.8, 0.415056
10.4, 9.2, 0.4175
10.4, 9.6, 0.419487
10.4, 10, 0.420935
10.4, 10.4, 0.421772
10.4, 10.8, 0.421928
10.4, 11.2, 0.421341
10.4, 11.6, 0.419952
10.4, 12, 0.417705
10.4, 12.4, 0.414549
10.4, 12.8, 0.410436
10.4, 13.2, 0.405319
10.4, 13.6, 0.399156
10.4, 14, 0.391905
10.4, 14.4, 0.383525
10.4, 14.8, 0.373978
10.4, 15.2, 0.363225
10.4, 15.6, 0.351227
10.4, 16, 0.337944
10.4, 16.4, 0.323336
10.4, 16.8, 0.307362
10.4, 17.2, 0.289976
10.4, 17.6, 0.271131
10.4, 18, 0.250775
10.4, 18.4, 0.228853
10.4, 18.8, 0.205303
10.4, 19.2, 0.180056
10.4, 19.6, 0.153039
10.4, 20, 0.124165
10.4, 20.4, 0.0933423
10.4, 20.8, 0.060465
10.4, 21.2, 0.0254154
10.4, 21.6, -0.0119384
10.4, 22, -0.0517446
10.4, 22.4, -0.0941692
10.4, 22.8, -0.139398
10.4, 23.2, -0.18764
10.4, 23.6, -0.239129
10.4, 24, -0.294125
10.4, 24.4, -0.352922
10.4, 24.8, -0.415845
10.4, 25.2, -0.483259
10.8, 0, 0.441942
10.8, 0.4, 0.423579
10.8, 0.8, 0.406877
10.8, 1.2, 0.392656
10.8, 1.6, 0.381117
10.8, 2, 0.372155
10.8, 2.4, 0.365544
10.8, 2.8, 0.361022
10.8, 3.2, 0.358329
10.8, 3.6, 0.357217
10.8, 4, 0.357457
10.8, 4.4, 0.358836
10.8, 4.8, 0.361157
10.8, 5.2, 0.364241
10.8, 5.6, 0.367919
10.8, 6, 0.372039
10.8, 6.4, 0.376457
10.8, 6.8, 0.381043
10.8, 7.2, 0.385674
10.8, 7.6, 0.390239
10.8, 8, 0.394634
10.8, 8.4, 0.398762
10.8, 8.8, 0.402535
10.8, 9.2, 0.40587
10.8, 9.6, 0.408692
10.8, 10, 0.410931
10.8, 10.4, 0.412521
10.8, 10.8, 0.413402
10.8, 11.2, 0.413519
10.8, 11.6, 0.41282
10.8, 12, 0.411258
10.8, 12.4, 0.408787
10.8, 12.8, 0.405366
10.8, 13.2, 0.400956
10.8, 13.6, 0.395521
10.8, 14, 0.389025
10.8, 14.4, 0.381436
10.8, 14.8, 0.372721
10.8, 15.2, 0.36285
10.8, 15.6, 0.35179
10.8, 16, 0.339511
10.8, 16.4, 0.325981
10.8, 16.8, 0.311166
10.8, 17.2, 0.295032
10.8, 17.6, 0.277542
10.8, 18, 0.258656
10.8, 18.4, 0.238331
10.8, 18.8, 0.216517
10.8, 19.2, 0.193163
10.8, 19.6, 0.168208
10.8, 20, 0.141586
10.8, 20.4, 0.113223
10.8, 20.8, 0.0830353
10.8, 21.2, 0.0509275
10.8, 21.6, 0.0167939
10.8, 22, -0.0194853
10.8, 22.4, -0.0580451
10.8, 22.8, -0.099037
10.8, 23.2, -0.142632
10.8, 23.6, -0.189021
10.8, 24, -0.238421
10.8, 24.4, -0.291071
10.8, 24.8, -0.347243
10.8, 25.2, -0.407239
11.2, 0, 0.353553
11.2, 0.4, 0.343944
11.2, 0.8, 0.335269
11.2, 1.2, 0.328132
11.2, 1.6, 0.322794
11.2, 2, 0.319283
11.2, 2.4, 0.317502
11.2, 2.8, 0.317288
11.2, 3.2, 0.318457
11.2, 3.6, 0.32082
11.2, 4, 0.324194
11.2, 4.4, 0.328404
11.2, 4.8, 0.333287
11.2, 5.2, 0.338689
11.2, 5.6, 0.344471
11.2, 6, 0.3505
11.2, 6.4, 0.356654
11.2, 6.8, 0.362822
11.2, 7.2, 0.368897
11.2, 7.6, 0.374784
11.2, 8, 0.380394
11.2, 8.4, 0.385642
11.2, 8.8, 0.390453
11.2, 9.2, 0.394755
11.2, 9.6, 0.398483
11.2, 10, 0.401577
11.2, 10.4, 0.403981
11.2, 10.8, 0.405642
11.2, 11.2, 0.406515
11.2, 11.6, 0.406554
11.2, 12, 0.40572
11.2, 12.4, 0.403976
11.2, 12.8, 0.401286
11.2, 13.2, 0.39762
11.2, 13.6, 0.392947
11.2, 14, 0.38724
11.2, 14.4, 0.380474
11.2, 14.8, 0.372623
11.2, 15.2, 0.363664
11.2, 15.6, 0.353574
11.2, 16, 0.34233
11.2, 16.4, 0.32991
11.2, 16.8, 0.31629
11.2, 17.2, 0.301446
11.2, 17.6, 0.285351
11.2, 18, 0.267979
11.2, 18.4, 0.249297
11.2, 18.8, 0.229274
11.2, 19.2, 0.207871
11.2, 19.6, 0.185045
11.2, 20, 0.16075
11.2, 20.4, 0.134931
11.2, 20.8, 0.107526
11.2, 21.2, 0.0784661
11.2, 21.6, 0.0476724
11.2, 22, 0.0150549
11.2, 22.4, -0.0194883
11.2, 22.8, -0.0560726
11.2, 23.2, -0.0948285
11.2, 23.6, -0.135904
11.2, 24, -0.179464
11.2, 24.4, -0.225698
11.2, 24.8, -0.274817
11.2, 25.2, -0.327056
11.6, 0, 0.265165
11.6, 0.4, 0.263374
11.6, 0.8, 0.262124
11.6, 1.2, 0.26181
11.6, 1.6, 0.262642
11.6, 2, 0.264683
11.6, 2.4, 0.267893
11.6, 2.8, 0.272172
11.6, 3.2, 0.277392
11.6, 3.6, 0.283414
11.6, 4, 0.290097
11.6, 4.4, 0.297301
11.6, 4.8, 0.304897
11.6, 5.2, 0.312761
11.6, 5.6, 0.320777
11.6, 6, 0.328837
11.6, 6.4, 0.33684
11.6, 6.8, 0.344694
11.6, 7.2, 0.35231
11.6, 7.6, 0.35961
11.6, 8, 0.366516
11.6, 8.4, 0.372962
11.6, 8.8, 0.378881
11.6, 9.2, 0.384216
11.6, 9.6, 0.388911
11.6, 10, 0.392916
11.6, 10.4, 0.396184
11.6, 10.8, 0.398674
11.6, 11.2, 0.400346
11.6, 11.6, 0.401164
11.6, 12, 0.401095
11.6, 12.4, 0.400112
11.6, 12.8, 0.398185
11.6, 13.2, 0.395292
11.6, 13.6, 0.39141
11.6, 14, 0.386518
11.6, 14.4, 0.380599
11.6, 14.8, 0.373635
11.6, 15.2, 0.365612
11.6, 15.6, 0.356514
11.6, 16, 0.346328
11.6, 16.4, 0.335042
11.6, 16.8, 0.32264
11.6, 17.2, 0.309111
11.6, 17.6, 0.29444
11.6, 18, 0.278611
11.6, 18.4, 0.261608
11.6, 18.8, 0.243412
11.6, 19.2, 0.224002
11.6, 19.6, 0.203354
11.6, 20, 0.181439
11.6, 20.4, 0.158224
11.6, 20.8, 0.133672
11.6, 21.2, 0.10774
11.6, 21.6, 0.0803757
11.6, 22, 0.0515216
11.6, 22.4, 0.0211103
11.6, 22.8, -0.0109358
11.6, 23.2, -0.0447054
11.6, 23.6, -0.0802997
11.6, 24, -0.117834
11.6, 24.4, -0.157441
11.6, 24.8, -0.199269
11.6, 25.2, -0.243486
12, 0, 0.176777
12, 0.4, 0.182265
12, 0.8, 0.188044
12, 1.2, 0.19434
12, 1.6, 0.201283
12, 2, 0.208916
12, 2.4, 0.217215
12, 2.8, 0.226115
12, 3.2, 0.235527
12, 3.6, 0.24535
12, 4, 0.255478
12, 4.4, 0.265809
12, 4.8, 0.276242
12, 5.2, 0.286683
12, 5.6, 0.297041
12, 6, 0.307233
12, 6.4, 0.317179
12, 6.8, 0.326805
12, 7.2, 0.336044
12, 7.6, 0.34483
12, 8, 0.353103
12, 8.4, 0.36081
12, 8.8, 0.367898
12, 9.2, 0.374319
12, 9.6, 0.380032
12, 10, 0.384994
12, 10.4, 0.38917
12, 10.8, 0.392526
12, 11.2, 0.395033
12, 11.6, 0.396662
12, 12, 0.397389
12, 12.4, 0.397193
12, 12.8, 0.396055
12, 13.2, 0.393956
12, 13.6, 0.390884
12, 14, 0.386826
12, 14.4, 0.38177
12, 14.8, 0.37571
12, 15.2, 0.368636
12, 15.6, 0.360545
12, 16, 0.351431
12, 16.4, 0.34129
12, 16.8, 0.330121
12, 17.2, 0.317921
12, 17.6, 0.304688
12, 18, 0.29042
12, 18.4, 0.275114
12, 18.8, 0.258767
12, 19.2, 0.241375
12, 19.6, 0.222931
12, 20, 0.203429
12, 20.4, 0.182857
12, 20.8, 0.161202
12, 21.2, 0.138447
12, 21.6, 0.114571
12, 22, 0.0895471
12, 22.4, 0.0633448
12, 22.8, 0.0359254
12, 23.2, 0.00724351
12, 23.6, -0.0227546
12, 24, -0.0541321
12, 24.4, -0.0869623
12, 24.8, -0.121331
12, 25.2, -0.157336
12.4, 0, 0.0883883
12.4, 0.4, 0.100864
12.4, 0.8, 0.113448
12.4, 1.2, 0.126225
12.4, 1.6, 0.139235
12.4, 2, 0.152483
12.4, 2.4, 0.165937
12.4, 2.8, 0.179549
12.4, 3.2, 0.193253
12.4, 3.6, 0.206981
12.4, 4, 0.220659
12.4, 4.4, 0.234216
12.4, 4.8, 0.247581
12.4, 5.2, 0.260689
12.4, 5.6, 0.273474
12.4, 6, 0.285877
12.4, 6.4, 0.297839
12.4, 6.8, 0.309308
12.4, 7.2, 0.320232
12.4, 7.6, 0.330565
12.4, 8, 0.340261
12.4, 8.4, 0.34928
12.4, 8.8, 0.357583
12.4, 9.2, 0.365136
12.4, 9.6, 0.371905
12.4, 10, 0.377862
12.4, 10.4, 0.382979
12.4, 10.8, 0.387233
12.4, 11.2, 0.390601
12.4, 11.6, 0.393066
12.4, 12, 0.394611
12.4, 12.4, 0.395222
12.4, 12.8, 0.394887
12.4, 13.2, 0.393599
12.4, 13.6, 0.391349
12.4, 14, 0.388134
12.4, 14.4, 0.383951
12.4, 14.8, 0.3788
12.4, 15.2, 0.372683
12.4, 15.6, 0.365602
12.4, 16, 0.357562
12.4, 16.4, 0.348571
12.4, 16.8, 0.338637
12.4, 17.2, 0.327768
12.4, 17.6, 0.315975
12.4, 18, 0.303269
12.4, 18.4, 0.289664
12.4, 18.8, 0.27517
12.4, 19.2, 0.259801
12.4, 19.6, 0.243571
12.4, 20, 0.226491
12.4, 20.4, 0.208575
12.4, 20.8, 0.189833
12.4, 21.2, 0.170277
12.4, 21.6, 0.149915
12.4, 22, 0.128753
12.4, 22.4, 0.106798
12.4, 22.8, 0.0840506
12.4, 23.2, 0.0605099
12.4, 23.6, 0.0361708
12.4, 24, 0.011024
12.4, 24.4, -0.0149449
12.4, 24.8, -0.0417558
12.4, 25.2, -0.0694354
12.8, 0, 1.22465e-16
12.8, 0.4, 0.0193536
12.8, 0.8, 0.0386609
12.8, 1.2, 0.0578756
12.8, 1.6, 0.0769515
12.8, 2, 0.0958429
12.8, 2.4, 0.114504
12.8, 2.8, 0.132891
12.8, 3.2, 0.150958
12.8, 3.6, 0.168663
12.8, 4, 0.185963
12.8, 4.4, 0.202816
12.8, 4.8, 0.219181
12.8, 5.2, 0.23502
12.8, 5.6, 0.250293
12.8, 6, 0.264963
12.8, 6.4, 0.278997
12.8, 6.8, 0.292358
12.8, 7.2, 0.305016
12.8, 7.6, 0.316939
12.8, 8, 0.328099
12.8, 8.4, 0.338469
12.8, 8.8, 0.348024
12.8, 9.2, 0.356739
12.8, 9.6, 0.364596
12.8, 10, 0.371574
12.8, 10.4, 0.377656
12.8, 10.8, 0.382828
12.8, 11.2, 0.387078
12.8, 11.6, 0.390394
12.8, 12, 0.39277
12.8, 12.4, 0.394199
12.8, 12.8, 0.394679
12.8, 13.2, 0.394206
12.8, 13.6, 0.392784
12.8, 14, 0.390415
12.8, 14.4, 0.387105
12.8, 14.8, 0.382863
12.8, 15.2, 0.377697
12.8, 15.6, 0.371622
12.8, 16, 0.36465
12.8, 16.4, 0.356801
12.8, 16.8, 0.348091
12.8, 17.2, 0.338543
12.8, 17.6, 0.328179
12.8, 18, 0.317024
12.8, 18.4, 0.305105
12.8, 18.8, 0.292452
12.8, 19.2, 0.279094
12.8, 19.6, 0.265063
12.8, 20, 0.250394
12.8, 20.4, 0.235122
12.8, 20.8, 0.219283
12.8, 21.2, 0.202916
12.8, 21.6, 0.18606
12.8, 22, 0.168756
12.8, 22.4, 0.151046
12.8, 22.8, 0.132971
12.8, 23.2, 0.114576
12.8, 23.6, 0.0959052
12.8, 24, 0.0770031
12.8, 24.4, 0.0579154
12.8, 24.8, 0.0386881
12.8, 25.2, 0.0193675
13.2, 0, -0.0883883
13.2, 0.4, -0.0621097
13.2, 0.8, -0.0360331
13.2, 1.2, -0.0103338
13.2, 1.6, 0.0148535
13.2, 2, 0.0394345
13.2, 2.4, 0.0633476
13.2, 2.8, 0.0865536
13.2, 3.2, 0.109028
13.2, 3.6, 0.130753
13.2, 4, 0.151717
13.2, 4.4, 0.171907
13.2, 4.8, 0.191311
13.2, 5.2, 0.209919
13.2, 5.6, 0.227717
13.2, 6, 0.244691
13.2, 6.4, 0.260829
13.2, 6.8, 0.276116
13.2, 7.2, 0.290538
13.2, 7.6, 0.304082
13.2, 8, 0.316732
13.2, 8.4, 0.328478
13.2, 8.8, 0.339307
13.2, 9.2, 0.349207
13.2, 9.6, 0.35817
13.2, 10, 0.366185
13.2, 10.4, 0.373248
13.2, 10.8, 0.379351
13.2, 11.2, 0.384492
13.2, 11.6, 0.388669
13.2, 12, 0.391882
13.2, 12.4, 0.394133
13.2, 12.8, 0.395426
13.2, 13.2, 0.39577
13.2, 13.6, 0.395171
13.2, 14, 0.393643
13.2, 14.4, 0.391198
13.2, 14.8, 0.387853
13.2, 15.2, 0.383627
13.2, 15.6, 0.378542
13.2, 16, 0.372623
13.2, 16.4, 0.365895
13.2, 16.8, 0.358389
13.2, 17.2, 0.350138
13.2, 17.6, 0.341178
13.2, 18, 0.331547
13.2, 18.4, 0.321287
13.2, 18.8, 0.310443
13.2, 19.2, 0.299063
13.2, 19.6, 0.287198
13.2, 20, 0.274904
13.2, 20.4, 0.262239
13.2, 20.8, 0.249264
13.2, 21.2, 0.236047
13.2, 21.6, 0.222657
13.2, 22, 0.209168
13.2, 22.4, 0.195659
13.2, 22.8, 0.182214
13.2, 23.2, 0.16892
13.2, 23.6, 0.155872
13.2, 24, 0.143169
13.2, 24.4, 0.130916
13.2, 24.8, 0.119226
13.2, 25.2, 0.108217
13.6, 0, -0.176777
13.6, 0.4, -0.143371
13.6, 0.8, -0.110349
13.6, 1.2, -0.0780302
13.6, 1.6, -0.046637
13.6, 2, -0.0163043
13.6, 2.4, 0.0128997
13.6, 2.8, 0.0409503
13.6, 3.2, 0.0678484
13.6, 3.6, 0.0936076
13.6, 4, 0.118247
13.6, 4.4, 0.141785
13.6, 4.8, 0.164242
13.6, 5.2, 0.185631
13.6, 5.6, 0.205967
13.6, 6, 0.22526
13.6, 6.4, 0.243517
13.6, 6.8, 0.260743
13.6, 7.2, 0.276944
13.6, 7.6, 0.292121
13.6, 8, 0.306275
13.6, 8.4, 0.319409
13.6, 8.8, 0.331523
13.6, 9.2, 0.342618
13.6, 9.6, 0.352695
13.6, 10, 0.361756
13.6, 10.4, 0.369804
13.6, 10.8, 0.376843
13.6, 11.2, 0.382877
13.6, 11.6, 0.387914
13.6, 12, 0.391961
13.6, 12.4, 0.395029
13.6, 12.8, 0.397131
13.6, 13.2, 0.398281
13.6, 13.6, 0.398495
13.6, 14, 0.397792
13.6, 14.4, 0.396196
13.6, 14.8, 0.39373
13.6, 15.2, 0.390423
13.6, 15.6, 0.386304
13.6, 16, 0.381409
13.6, 16.4, 0.375773
13.6, 16.8, 0.369439
13.6, 17.2, 0.36245
13.6, 17.6, 0.354854
13.6, 18, 0.346705
13.6, 18.4, 0.338058
13.6, 18.8, 0.328975
13.6, 19.2, 0.319521
13.6, 19.6, 0.309768
13.6, 20, 0.29979
13.6, 20.4, 0.289669
13.6, 20.8, 0.279493
13.6, 21.2, 0.269355
13.6, 21.6, 0.259356
13.6, 22, 0.249604
13.6, 22.4, 0.240213
13.6, 22.8, 0.231308
13.6, 23.2, 0.223021
13.6, 23.6, 0.215496
13.6, 24, 0.208886
13.6, 24.4, 0.203356
13.6, 24.8, 0.199083
13.6, 25.2, 0.196259
14, 0, -0.265165
14, 0.4, -0.224246
14, 0.8, -0.183962
14, 1.2, -0.1448
14, 1.6, -0.107066
14, 2, -0.0709128
14, 2.4, -0.0363929
14, 2.8, -0.00349808
14, 3.2, 0.0278105
14, 3.6, 0.0575849
14, 4, 0.0858802
14, 4.4, 0.11275
14, 4.8, 0.138242
14, 5.2, 0.162402
14, 5.6, 0.185266
14, 6, 0.206869
14, 6.4, 0.227239
14, 6.8, 0.246402
14, 7.2, 0.264378
14, 7.6, 0.281187
14, 8, 0.296845
14, 8.4, 0.311366
14, 8.8, 0.324765
14, 9.2, 0.337053
14, 9.6, 0.348243
14, 10, 0.358347
14, 10.4, 0.367376
14, 10.8, 0.375345
14, 11.2, 0.382266
14, 11.6, 0.388154
14, 12, 0.393026
14, 12.4, 0.3969
14, 12.8, 0.399795
14, 13.2, 0.401734
14, 13.6, 0.402741
14, 14, 0.402844
14, 14.4, 0.402071
14, 14.8, 0.400457
14, 15.2, 0.398037
14, 15.6, 0.394851
14, 16, 0.390942
14, 16.4, 0.386358
14, 16.8, 0.38115
14, 17.2, 0.375374
14, 17.6, 0.369091
14, 18, 0.362367
14, 18.4, 0.355272
14, 18.8, 0.347885
14, 19.2, 0.340286
14, 19.6, 0.332567
14, 20, 0.324824
14, 20.4, 0.31716
14, 20.8, 0.309688
14, 21.2, 0.302529
14, 21.6, 0.295813
14, 22, 0.289681
14, 22.4, 0.284284
14, 22.8, 0.279786
14, 23.2, 0.276364
14, 23.6, 0.274208
14, 24, 0.273525
14, 24.4, 0.274539
14, 24.8, 0.277491
14, 25.2, 0.282645
14.4, 0, -0.353553
14.4, 0.4, -0.304488
14.4, 0.8, -0.256451
14.4, 1.2, -0.210141
14.4, 1.6, -0.165911
14.4, 2, -0.123886
14.4, 2.4, -0.0840582
14.4, 2.8, -0.0463577
14.4, 3.2, -0.0106902
14.4, 3.6, 0.0230445
14.4, 4, 0.0549431
14.4, 4.4, 0.0850948
14.4, 4.8, 0.11358
14.4, 5.2, 0.140471
14.4, 5.6, 0.165831
14.4, 6, 0.189715
14.4, 6.4, 0.212175
14.4, 6.8, 0.233252
14.4, 7.2, 0.252986
14.4, 7.6, 0.27141
14.4, 8, 0.288556
14.4, 8.4, 0.304452
14.4, 8.8, 0.319123
14.4, 9.2, 0.332593
14.4, 9.6, 0.344884
14.4, 10, 0.356018
14.4, 10.4, 0.366017
14.4, 10.8, 0.374902
14.4, 11.2, 0.382695
14.4, 11.6, 0.389418
14.4, 12, 0.395097
14.4, 12.4, 0.399756
14.4, 12.8, 0.403423
14.4, 13.2, 0.406127
14.4, 13.6, 0.407901
14.4, 14, 0.408778
14.4, 14.4, 0.408796
14.4, 14.8, 0.407997
14.4, 15.2, 0.406425
14.4, 15.6, 0.404128
14.4, 16, 0.401158
14.4, 16.4, 0.397574
14.4, 16.8, 0.393437
14.4, 17.2, 0.388813
14.4, 17.6, 0.383777
14.4, 18, 0.378406
14.4, 18.4, 0.372787
14.4, 18.8, 0.367011
14.4, 19.2, 0.361179
14.4, 19.6, 0.355398
14.4, 20, 0.349784
14.4, 20.4, 0.344465
14.4, 20.8, 0.339576
14.4, 21.2, 0.335265
14.4, 21.6, 0.331692
14.4, 22, 0.329028
14.4, 22.4, 0.32746
14.4, 22.8, 0.327192
14.4, 23.2, 0.328442
14.4, 23.6, 0.331448
14.4, 24, 0.336469
14.4, 24.4, 0.343784
14.4, 24.8, 0.353699
14.4, 25.2, 0.366545
14.8, 0, -0.441942
14.8, 0.4, -0.383699
14.8, 0.8, -0.327213
14.8, 1.2, -0.273399
14.8, 1.6, -0.222551
14.8, 2, -0.174661
14.8, 2.4, -0.129594
14.8, 2.8, -0.0871815
14.8, 3.2, -0.0472549
14.8, 3.6, -0.0096562
14.8, 4, 0.0257567
14.8, 4.4, 0.0591104
14.8, 4.8, 0.0905171
14.8, 5.2, 0.120076
14.8, 5.6, 0.147875
14.8, 6, 0.173993
14.8, 6.4, 0.198497
14.8, 6.8, 0.221451
14.8, 7.2, 0.242908
14.8, 7.6, 0.262918
14.8, 8, 0.281525
14.8, 8.4, 0.29877
14.8, 8.8, 0.31469
14.8, 9.2, 0.329319
14.8, 9.6, 0.342689
14.8, 10, 0.354833
14.8, 10.4, 0.365779
14.8, 10.8, 0.375558
14.8, 11.2, 0.384201
14.8, 11.6, 0.391736
14.8, 12, 0.398196
14.8, 12.4, 0.403613
14.8, 12.8, 0.408023
14.8, 13.2, 0.41146
14.8, 13.6, 0.413965
14.8, 14, 0.415579
14.8, 14.4, 0.416348
14.8, 14.8, 0.41632
14.8, 15.2, 0.415547
14.8, 15.6, 0.414086
14.8, 16, 0.411999
14.8, 16.4, 0.409352
14.8, 16.8, 0.406218
14.8, 17.2, 0.402674
14.8, 17.6, 0.398805
14.8, 18, 0.394703
14.8, 18.4, 0.390466
14.8, 18.8, 0.386203
14.8, 19.2, 0.382028
14.8, 19.6, 0.378067
14.8, 20, 0.374458
14.8, 20.4, 0.371346
14.8, 20.8, 0.368893
14.8, 21.2, 0.36727
14.8, 21.6, 0.366665
14.8, 22, 0.367282
14.8, 22.4, 0.369342
14.8, 22.8, 0.373083
14.8, 23.2, 0.378768
14.8, 23.6, 0.386677
14.8, 24, 0.39712
14.8, 24.4, 0.410432
14.8, 24.8, 0.426977
14.8, 25.2, 0.447154
15.2, 0, -0.53033
15.2, 0.4, -0.461153
15.2, 0.8, -0.395303
15.2, 1.2, -0.333688
15.2, 1.6, -0.276233
15.2, 2, -0.222609
15.2, 2.4, -0.172471
15.2, 2.8, -0.125517
15.2, 3.2, -0.0814884
15.2, 3.6, -0.0401673
15.2, 4, -0.00136622
15.2, 4.4, 0.0350776
15.2, 4.8, 0.0693066
15.2, 5.2, 0.101446
15.2, 5.6, 0.131607
15.2, 6, 0.159889
15.2, 6.4, 0.186378
15.2, 6.8, 0.211153
15.2, 7.2, 0.234285
15.2, 7.6, 0.255836
15.2, 8, 0.275864
15.2, 8.4, 0.294421
15.2, 8.8, 0.311555
15.2, 9.2, 0.32731
15.2, 9.6, 0.34173
15.2, 10, 0.354852
15.2, 10.4, 0.366717
15.2, 10.8, 0.377361
15.2, 11.2, 0.386822
15.2, 11.6, 0.395138
15.2, 12, 0.402347
15.2, 12.4, 0.408488
15.2, 12.8, 0.413603
15.2, 13.2, 0.417735
15.2, 13.6, 0.42093
15.2, 14, 0.423236
15.2, 14.4, 0.424706
15.2, 14.8, 0.425396
15.2, 15.2, 0.425366
15.2, 15.6, 0.42468
15.2, 16, 0.423409
15.2, 16.4, 0.421628
15.2, 16.8, 0.419418
15.2, 17.2, 0.41687
15.2, 17.6, 0.414077
15.2, 18, 0.411143
15.2, 18.4, 0.408182
15.2, 18.8, 0.405314
15.2, 19.2, 0.40267
15.2, 19.6, 0.400394
15.2, 20, 0.398641
15.2, 20.4, 0.397577
15.2, 20.8, 0.397385
15.2, 21.2, 0.398262
15.2, 21.6, 0.400423
15.2, 22, 0.4041
15.2, 22.4, 0.409546
15.2, 22.8, 0.417036
15.2, 23.2, 0.426871
15.2, 23.6, 0.439376
15.2, 24, 0.454905
15.2, 24.4, 0.473848
15.2, 24.8, 0.496625
15.2, 25.2, 0.523698
15.6, 0, -0.618718
15.6, 0.4, -0.535281
15.6, 0.8, -0.459157
15.6, 1.2, -0.389816
15.6, 1.6, -0.326081
15.6, 2, -0.267068
15.6, 2.4, -0.212163
15.6, 2.8, -0.160923
15.6, 3.2, -0.113011
15.6, 3.6, -0.0681543
15.6, 4, -0.0261274
15.6, 4.4, 0.0132645
15.6, 4.8, 0.0501907
15.6, 5.2, 0.0848004
15.6, 5.6, 0.117225
15.6, 6, 0.147583
15.6, 6.4, 0.175979
15.6, 6.8, 0.202506
15.6, 7.2, 0.227249
15.6, 7.6, 0.250284
15.6, 8, 0.271681
15.6, 8.4, 0.291502
15.6, 8.8, 0.309806
15.6, 9.2, 0.326647
15.6, 9.6, 0.342075
15.6, 10, 0.356139
15.6, 10.4, 0.368884
15.6, 10.8, 0.380356
15.6, 11.2, 0.390599
15.6, 11.6, 0.399657
15.6, 12, 0.407575
15.6, 12.4, 0.414399
15.6, 12.8, 0.420176
15.6, 13.2, 0.424957
15.6, 13.6, 0.428793
15.6, 14, 0.43174
15.6, 14.4, 0.433856
15.6, 14.8, 0.435204
15.6, 15.2, 0.435851
15.6, 15.6, 0.43587
15.6, 16, 0.435339
15.6, 16.4, 0.434342
15.6, 16.8, 0.432969
15.6, 17.2, 0.431319
15.6, 17.6, 0.429498
15.6, 18, 0.427621
15.6, 18.4, 0.425813
15.6, 18.8, 0.424209
15.6, 19.2, 0.422954
15.6, 19.6, 0.422208
15.6, 20, 0.422142
15.6, 20.4, 0.422944
15.6, 20.8, 0.424815
15.6, 21.2, 0.427978
15.6, 21.6, 0.43267
15.6, 22, 0.439153
15.6, 22.4, 0.44771
15.6, 22.8, 0.45865
15.6, 23.2, 0.472308
15.6, 23.6, 0.489052
15.6, 24, 0.509281
15.6, 24.4, 0.53343
15.6, 24.8, 0.561977
15.6, 25.2, 0.595442
16, 0, -0.707107
16, 0.4, -0.602093
16, 0.8, -0.516228
16, 1.2, -0.440334
16, 1.6, -0.371205
16, 2, -0.307418
16, 2.4, -0.248187
16, 2.8, -0.192998
16, 3.2, -0.141473
16, 3.6, -0.0933075
16, 4, -0.0482487
16, 4.4, -0.0060777
16, 4.8, 0.0333972
16, 5.2, 0.0703451
16, 5.6, 0.104917
16, 6, 0.137247
16, 6.4, 0.167455
16, 6.8, 0.19565
16, 7.2, 0.221928
16, 7.6, 0.246379
16, 8, 0.269082
16, 8.4, 0.29011
16, 8.8, 0.30953
16, 9.2, 0.327406
16, 9.6, 0.343795
16, 10, 0.358754
16, 10.4, 0.372335
16, 10.8, 0.38459
16, 11.2, 0.395571
16, 11.6, 0.405326
16, 12, 0.413908
16, 12.4, 0.421367
16, 12.8, 0.427758
16, 13.2, 0.433135
16, 13.6, 0.437557
16, 14, 0.441085
16, 14.4, 0.443784
16, 14.8, 0.445723
16, 15.2, 0.446976
16, 15.6, 0.447622
16, 16, 0.447746
16, 16.4, 0.447442
16, 16.8, 0.446807
16, 17.2, 0.44595
16, 17.6, 0.444986
16, 18, 0.444042
16, 18.4, 0.443252
16, 18.8, 0.442764
16, 19.2, 0.442739
16, 19.6, 0.44335
16, 20, 0.444784
16, 20.4, 0.447248
16, 20.8, 0.450963
16, 21.2, 0.456171
16, 21.6, 0.463134
16, 22, 0.472139
16, 22.4, 0.483498
16, 22.8, 0.497549
16, 23.2, 0.514665
16, 23.6, 0.535247
16, 24, 0.559737
16, 24.4, 0.588617
16, 24.8, 0.622413
16, 25.2, 0.6617
16.4, 0, -0.743718
16.4, 0.4, -0.649755
16.4, 0.8, -0.563327
16.4, 1.2, -0.484087
16.4, 1.6, -0.410985
16.4, 2, -0.343208
16.4, 2.4, -0.280164
16.4, 2.8, -0.221406
16.4, 3.2, -0.16657
16.4, 3.6, -0.11535
16.4, 4, -0.0674773
16.4, 4.4, -0.0227182
16.4, 4.8, 0.0191364
16.4, 5.2, 0.0582726
16.4, 5.6, 0.094857
16.4, 6, 0.129039
16.4, 6.4, 0.160952
16.4, 6.8, 0.190718
16.4, 7.2, 0.218444
16.4, 7.6, 0.24423
16.4, 8, 0.268166
16.4, 8.4, 0.290334
16.4, 8.8, 0.310808
16.4, 9.2, 0.32966
16.4, 9.6, 0.346956
16.4, 10, 0.362756
16.4, 10.4, 0.377122
16.4, 10.8, 0.39011
16.4, 11.2, 0.401778
16.4, 11.6, 0.41218
16.4, 12, 0.421373
16.4, 12.4, 0.429415
16.4, 12.8, 0.436364
16.4, 13.2, 0.44228
16.4, 13.6, 0.447227
16.4, 14, 0.451272
16.4, 14.4, 0.454484
16.4, 14.8, 0.45694
16.4, 15.2, 0.458719
16.4, 15.6, 0.459906
16.4, 16, 0.460595
16.4, 16.4, 0.460884
16.4, 16.8, 0.46088
16.4, 17.2, 0.4607
16.4, 17.6, 0.460467
16.4, 18, 0.460318
16.4, 18.4, 0.460398
16.4, 18.8, 0.460867
16.4, 19.2, 0.461898
16.4, 19.6, 0.463677
16.4, 20, 0.466408
16.4, 20.4, 0.470311
16.4, 20.8, 0.475626
16.4, 21.2, 0.482615
16.4, 21.6, 0.491563
16.4, 22, 0.502778
16.4, 22.4, 0.516598
16.4, 22.8, 0.533391
16.4, 23.2, 0.553558
16.4, 23.6, 0.577537
16.4, 24, 0.605807
16.4, 24.4, 0.638891
16.4, 24.8, 0.677359
16.4, 25.2, 0.721837
16.8, 0, -0.78033
16.8, 0.4, -0.68988
16.8, 0.8, -0.603238
16.8, 1.2, -0.521698
16.8, 1.6, -0.445439
16.8, 2, -0.37426
16.8, 2.4, -0.307853
16.8, 2.8, -0.245888
16.8, 3.2, -0.188049
16.8, 3.6, -0.134039
16.8, 4, -0.0835871
16.8, 4.4, -0.0364482
16.8, 4.8, 0.00760028
16.8, 5.2, 0.0487586
16.8, 5.6, 0.0872068
16.8, 6, 0.123107
16.8, 6.4, 0.156605
16.8, 6.8, 0.187833
16.8, 7.2, 0.216909
16.8, 7.6, 0.243941
16.8, 8, 0.269028
16.8, 8.4, 0.29226
16.8, 8.8, 0.313719
16.8, 9.2, 0.333482
16.8, 9.6, 0.351621
16.8, 10, 0.368205
16.8, 10.4, 0.383298
16.8, 10.8, 0.396963
16.8, 11.2, 0.409261
16.8, 11.6, 0.420254
16.8, 12, 0.430003
16.8, 12.4, 0.438569
16.8, 12.8, 0.446015
16.8, 13.2, 0.452406
16.8, 13.6, 0.457812
16.8, 14, 0.462303
16.8, 14.4, 0.465954
16.8, 14.8, 0.468847
16.8, 15.2, 0.471066
16.8, 15.6, 0.472703
16.8, 16, 0.473856
16.8, 16.4, 0.474631
16.8, 16.8, 0.475143
16.8, 17.2, 0.475513
16.8, 17.6, 0.475876
16.8, 18, 0.476376
16.8, 18.4, 0.477167
16.8, 18.8, 0.478421
16.8, 19.2, 0.48032
16.8, 19.6, 0.483063
16.8, 20, 0.486868
16.8, 20.4, 0.49197
16.8, 20.8, 0.498624
16.8, 21.2, 0.50711
16.8, 21.6, 0.517731
16.8, 22, 0.530818
16.8, 22.4, 0.546731
16.8, 22.8, 0.565863
16.8, 23.2, 0.588643
16.8, 23.6, 0.615541
16.8, 24, 0.647067
16.8, 24.4, 0.683781
16.8, 24.8, 0.726296
16.8, 25.2, 0.775281
17.2, 0, -0.816942
17.2, 0.4, -0.726198
17.2, 0.8, -0.638045
17.2, 1.2, -0.554027
17.2, 1.6, -0.474809
17.2, 2, -0.400539
17.2, 2.4, -0.331096
17.2, 2.8, -0.266241
17.2, 3.2, -0.205693
17.2, 3.6, -0.149164
17.2, 4, -0.0963787
17.2, 4.4, -0.0470818
17.2, 4.8, -0.0010391
17.2, 5.2, 0.0419616
17.2, 5.6, 0.082112
17.2, 6, 0.119585
17.2, 6.4, 0.154537
17.2, 6.8, 0.187108
17.2, 7.2, 0.217426
17.2, 7.6, 0.245607
17.2, 8, 0.271756
17.2, 8.4, 0.295969
17.2, 8.8, 0.318335
17.2, 9.2, 0.338938
17.2, 9.6, 0.357853
17.2, 10, 0.375155
17.2, 10.4, 0.390912
17.2, 10.8, 0.405193
17.2, 11.2, 0.418062
17.2, 11.6, 0.429586
17.2, 12, 0.439828
17.2, 12.4, 0.448854
17.2, 12.8, 0.456733
17.2, 13.2, 0.463532
17.2, 13.6, 0.469325
17.2, 14, 0.474186
17.2, 14.4, 0.478196
17.2, 14.8, 0.48144
17.2, 15.2, 0.484008
17.2, 15.6, 0.485996
17.2, 16, 0.487508
17.2, 16.4, 0.488656
17.2, 16.8, 0.489559
17.2, 17.2, 0.490347
17.2, 17.6, 0.491162
17.2, 18, 0.492153
17.2, 18.4, 0.493487
17.2, 18.8, 0.49534
17.2, 19.2, 0.497907
17.2, 19.6, 0.501398
17.2, 20, 0.506042
17.2, 20.4, 0.512085
17.2, 20.8, 0.519799
17.2, 21.2, 0.529478
17.2, 21.6, 0.541442
17.2, 22, 0.556039
17.2, 22.4, 0.573651
17.2, 22.8, 0.594692
17.2, 23.2, 0.619617
17.2, 23.6, 0.648919
17.2, 24, 0.683141
17.2, 24.4, 0.722873
17.2, 24.8, 0.768764
17.2, 25.2, 0.821521
17.6, 0, -0.853553
17.6, 0.4, -0.759923
17.6, 0.8, -0.668716
17.6, 1.2, -0.581552
17.6, 1.6, -0.499231
17.6, 2, -0.421987
17.6, 2.4, -0.349746
17.6, 2.8, -0.282283
17.6, 3.2, -0.219313
17.6, 3.6, -0.16054
17.6, 4, -0.105676
17.6, 4.4, -0.0544548
17.6, 4.8, -0.00662968
17.6, 5.2, 0.0380221
17.6, 5.6, 0.0797023
17.6, 6, 0.118593
17.6, 6.4, 0.154858
17.6, 6.8, 0.188645
17.6, 7.2, 0.22009
17.6, 7.6, 0.249314
17.6, 8, 0.276429
17.6, 8.4, 0.301535
17.6, 8.8, 0.324727
17.6, 9.2, 0.346091
17.6, 9.6, 0.365711
17.6, 10, 0.383661
17.6, 10.4, 0.400016
17.6, 10.8, 0.414847
17.6, 11.2, 0.428222
17.6, 11.6, 0.440211
17.6, 12, 0.450881
17.6, 12.4, 0.460301
17.6, 12.8, 0.468542
17.6, 13.2, 0.475677
17.6, 13.6, 0.481781
17.6, 14, 0.486934
17.6, 14.4, 0.491219
17.6, 14.8, 0.494724
17.6, 15.2, 0.497543
17.6, 15.6, 0.499779
17.6, 16, 0.501538
17.6, 16.4, 0.502938
17.6, 16.8, 0.504103
17.6, 17.2, 0.505169
17.6, 17.6, 0.506282
17.6, 18, 0.507602
17.6, 18.4, 0.509298
17.6, 18.8, 0.511558
17.6, 19.2, 0.514583
17.6, 19.6, 0.518593
17.6, 20, 0.523825
17.6, 20.4, 0.53054
17.6, 20.8, 0.53902
17.6, 21.2, 0.54957
17.6, 21.6, 0.562526
17.6, 22, 0.578253
17.6, 22.4, 0.597148
17.6, 22.8, 0.619644
17.6, 23.2, 0.646217
17.6, 23.6, 0.677382
17.6, 24, 0.713707
17.6, 24.4, 0.755809
17.6, 24.8, 0.804366
17.6, 25.2, 0.860119
18, 0, -0.890165
18, 0.4, -0.791224
18, 0.8, -0.695341
18, 1.2, -0.604235
18, 1.6, -0.518571
18, 2, -0.438429
18, 2.4, -0.363615
18, 2.8, -0.293827
18, 3.2, -0.228731
18, 3.6, -0.168
18, 4, -0.111326
18, 4.4, -0.058425
18, 4.8, -0.00903994
18, 5.2, 0.0370618
18, 5.6, 0.0800902
18, 6, 0.120234
18, 6.4, 0.157664
18, 6.8, 0.192535
18, 7.2, 0.224985
18, 7.6, 0.255141
18, 8, 0.28312
18, 8.4, 0.309026
18, 8.8, 0.332956
18, 9.2, 0.355002
18, 9.6, 0.375248
18, 10, 0.393774
18, 10.4, 0.410656
18, 10.8, 0.425968
18, 11.2, 0.439781
18, 11.6, 0.452167
18, 12, 0.463196
18, 12.4, 0.47294
18, 12.8, 0.481472
18, 13.2, 0.488867
18, 13.6, 0.495204
18, 14, 0.500564
18, 14.4, 0.505034
18, 14.8, 0.508706
18, 15.2, 0.511677
18, 15.6, 0.514052
18, 16, 0.515942
18, 16.4, 0.517468
18, 16.8, 0.518759
18, 17.2, 0.519957
18, 17.6, 0.521211
18, 18, 0.522686
18, 18.4, 0.524559
18, 18.8, 0.527022
18, 19.2, 0.530285
18, 19.6, 0.534575
18, 20, 0.540138
18, 20.4, 0.547241
18, 20.8, 0.556178
18, 21.2, 0.567265
18, 21.6, 0.580849
18, 22, 0.597306
18, 22.4, 0.617049
18, 22.8, 0.640526
18, 23.2, 0.668228
18, 23.6, 0.700691
18, 24, 0.738499
18, 24.4, 0.782293
18, 24.8, 0.832775
18, 25.2, 0.89071
18.4, 0, -0.926777
18.4, 0.4, -0.819468
18.4, 0.8, -0.717186
18.4, 1.2, -0.621473
18.4, 1.6, -0.532387
18.4, 2, -0.449539
18.4, 2.4, -0.372454
18.4, 2.8, -0.300674
18.4, 3.2, -0.23378
18.4, 3.6, -0.171399
18.4, 4, -0.113196
18.4, 4.4, -0.0588727
18.4, 4.8, -0.00815977
18.4, 5.2, 0.0391826
18.4, 5.6, 0.0833705
18.4, 6, 0.124598
18.4, 6.4, 0.16304
18.4, 6.8, 0.198854
18.4, 7.2, 0.232183
18.4, 7.6, 0.263157
18.4, 8, 0.291894
18.4, 8.4, 0.318502
18.4, 8.8, 0.343082
18.4, 9.2, 0.365725
18.4, 9.6, 0.386518
18.4, 10, 0.405543
18.4, 10.4, 0.422879
18.4, 10.8, 0.4386
18.4, 11.2, 0.452781
18.4, 11.6, 0.465493
18.4, 12, 0.47681
18.4, 12.4, 0.486805
18.4, 12.8, 0.495552
18.4, 13.2, 0.503129
18.4, 13.6, 0.509617
18.4, 14, 0.515098
18.4, 14.4, 0.519662
18.4, 14.8, 0.523403
18.4, 15.2, 0.526421
18.4, 15.6, 0.528823
18.4, 16, 0.530724
18.4, 16.4, 0.532246
18.4, 16.8, 0.533524
18.4, 17.2, 0.534701
18.4, 17.6, 0.535932
18.4, 18, 0.537384
18.4, 18.4, 0.539241
18.4, 18.8, 0.5417
18.4, 19.2, 0.544974
18.4, 19.6, 0.549296
18.4, 20, 0.55492
18.4, 20.4, 0.56212
18.4, 20.8, 0.571196
18.4, 21.2, 0.582472
18.4, 21.6, 0.596306
18.4, 22, 0.613082
18.4, 22.4, 0.633223
18.4, 22.8, 0.65719
18.4, 23.2, 0.685485
18.4, 23.6, 0.718657
18.4, 24, 0.757308
18.4, 24.4, 0.802092
18.4, 24.8, 0.85373
18.4, 25.2, 0.913007
18.8, 0, -0.963388
18.8, 0.4, -0.842683
18.8, 0.8, -0.732461
18.8, 1.2, -0.632083
18.8, 1.6, -0.539961
18.8, 2, -0.454883
18.8, 2.4, -0.375985
18.8, 2.8, -0.302629
18.8, 3.2, -0.234311
18.8, 3.6, -0.170614
18.8, 4, -0.111182
18.8, 4.4, -0.0557027
18.8, 4.8, -0.00390191
18.8, 5.2, 0.0444657
18.8, 5.6, 0.0896194
18.8, 6, 0.131756
18.8, 6.4, 0.171052
18.8, 6.8, 0.207667
18.8, 7.2, 0.241746
18.8, 7.6, 0.27342
18.8, 8, 0.302808
18.8, 8.4, 0.330019
18.8, 8.8, 0.355155
18.8, 9.2, 0.378308
18.8, 9.6, 0.399567
18.8, 10, 0.419014
18.8, 10.4, 0.436729
18.8, 10.8, 0.452786
18.8, 11.2, 0.467262
18.8, 11.6, 0.480229
18.8, 12, 0.49176
18.8, 12.4, 0.501931
18.8, 12.8, 0.510816
18.8, 13.2, 0.518495
18.8, 13.6, 0.525049
18.8, 14, 0.530563
18.8, 14.4, 0.535128
18.8, 14.8, 0.538838
18.8, 15.2, 0.541796
18.8, 15.6, 0.54411
18.8, 16, 0.545898
18.8, 16.4, 0.547284
18.8, 16.8, 0.548404
18.8, 17.2, 0.549405
18.8, 17.6, 0.550444
18.8, 18, 0.551693
18.8, 18.4, 0.553335
18.8, 18.8, 0.555574
18.8, 19.2, 0.558625
18.8, 19.6, 0.562727
18.8, 20, 0.568137
18.8, 20.4, 0.575133
18.8, 20.8, 0.584022
18.8, 21.2, 0.595133
18.8, 21.6, 0.608828
18.8, 22, 0.6255
18.8, 22.4, 0.645578
18.8, 22.8, 0.669531
18.8, 23.2, 0.697869
18.8, 23.6, 0.73115
18.8, 24, 0.769985
18.8, 24.4, 0.815041
18.8, 24.8, 0.867048
18.8, 25.2, 0.926804
19.2, 0, -1
19.2, 0.4, -0.855415
19.2, 0.8, -0.737892
19.2, 1.2, -0.634433
19.2, 1.6, -0.540491
19.2, 2, -0.454042
19.2, 2.4, -0.37397
19.2, 2.8, -0.299542
19.2, 3.2, -0.230215
19.2, 3.6, -0.165558
19.2, 4, -0.105207
19.2, 4.4, -0.0488478
19.2, 4.8, 0.00379635
19.2, 5.2, 0.0529705
19.2, 5.6, 0.0988938
19.2, 6, 0.141763
19.2, 6.4, 0.181754
19.2, 6.8, 0.219026
19.2, 7.2, 0.253725
19.2, 7.6, 0.285979
19.2, 8, 0.315909
19.2, 8.4, 0.343623
19.2, 8.8, 0.369221
19.2, 9.2, 0.392798
19.2, 9.6, 0.414441
19.2, 10, 0.434231
19.2, 10.4, 0.452248
19.2, 10.8, 0.468568
19.2, 11.2, 0.483265
19.2, 11.6, 0.496412
19.2, 12, 0.508084
19.2, 12.4, 0.518355
19.2, 12.8, 0.527301
19.2, 13.2, 0.535001
19.2, 13.6, 0.541536
19.2, 14, 0.546993
19.2, 14.4, 0.551462
19.2, 14.8, 0.55504
19.2, 15.2, 0.557829
19.2, 15.6, 0.559938
19.2, 16, 0.561487
19.2, 16.4, 0.562601
19.2, 16.8, 0.563418
19.2, 17.2, 0.564085
19.2, 17.6, 0.564761
19.2, 18, 0.565619
19.2, 18.4, 0.566847
19.2, 18.8, 0.568647
19.2, 19.2, 0.571239
19.2, 19.6, 0.574863
19.2, 20, 0.579778
19.2, 20.4, 0.586266
19.2, 20.8, 0.594634
19.2, 21.2, 0.605218
19.2, 21.6, 0.618381
19.2, 22, 0.634519
19.2, 22.4, 0.654066
19.2, 22.8, 0.677492
19.2, 23.2, 0.705314
19.2, 23.6, 0.738094
19.2, 24, 0.776445
19.2, 24.4, 0.821041
19.2, 24.8, 0.872617
19.2, 25.2, 0.931976
19.6, 0, -0.963388
19.6, 0.4, -0.841083
19.6, 0.8, -0.729256
19.6, 1.2, -0.627264
19.6, 1.6, -0.533523
19.6, 2, -0.446823
19.6, 2.4, -0.366308
19.6, 2.8, -0.291348
19.6, 3.2, -0.221445
19.6, 3.6, -0.156191
19.6, 4, -0.0952351
19.6, 4.4, -0.0382709
19.6, 4.8, 0.0149718
19.6, 5.2, 0.0647339
19.6, 5.6, 0.111231
19.6, 6, 0.154656
19.6, 6.4, 0.195183
19.6, 6.8, 0.23297
19.6, 7.2, 0.268157
19.6, 7.6, 0.300873
19.6, 8, 0.331236
19.6, 8.4, 0.359352
19.6, 8.8, 0.385321
19.6, 9.2, 0.409235
19.6, 9.6, 0.431178
19.6, 10, 0.451233
19.6, 10.4, 0.469477
19.6, 10.8, 0.485984
19.6, 11.2, 0.50083
19.6, 11.6, 0.514085
19.6, 12, 0.525823
19.6, 12.4, 0.536119
19.6, 12.8, 0.545046
19.6, 13.2, 0.552685
19.6, 13.6, 0.559116
19.6, 14, 0.564425
19.6, 14.4, 0.568702
19.6, 14.8, 0.572045
19.6, 15.2, 0.574555
19.6, 15.6, 0.576342
19.6, 16, 0.577525
19.6, 16.4, 0.578231
19.6, 16.8, 0.578596
19.6, 17.2, 0.578769
19.6, 17.6, 0.578909
19.6, 18, 0.57919
19.6, 18.4, 0.579799
19.6, 18.8, 0.58094
19.6, 19.2, 0.582834
19.6, 19.6, 0.585719
19.6, 20, 0.589856
19.6, 20.4, 0.595528
19.6, 20.8, 0.603042
19.6, 21.2, 0.612734
19.6, 21.6, 0.624967
19.6, 22, 0.640138
19.6, 22.4, 0.65868
19.6, 22.8, 0.681065
19.6, 23.2, 0.707807
19.6, 23.6, 0.739469
19.6, 24, 0.776665
19.6, 24.4, 0.820065
19.6, 24.8, 0.870403
19.6, 25.2, 0.928484
20, 0, -0.926777
20, 0.4, -0.816273
20, 0.8, -0.710783
20, 1.2, -0.611842
20, 1.6, -0.519512
20, 2, -0.433414
20, 2.4, -0.353088
20, 2.8, -0.278091
20, 3.2, -0.208022
20, 3.6, -0.142521
20, 4, -0.0812649
20, 4.4, -0.0239658
20, 4.8, 0.0296351
20, 5.2, 0.0797701
20, 5.6, 0.126648
20, 6, 0.170456
20, 6.4, 0.211363
20, 6.8, 0.249522
20, 7.2, 0.285069
20, 7.6, 0.318131
20, 8, 0.34882
20, 8.4, 0.37724
20, 8.8, 0.403488
20, 9.2, 0.427652
20, 9.6, 0.449816
20, 10, 0.470058
20, 10.4, 0.488454
20, 10.8, 0.505077
20, 11.2, 0.519998
20, 11.6, 0.533288
20, 12, 0.545019
20, 12.4, 0.555263
20, 12.8, 0.564094
20, 13.2, 0.57159
20, 13.6, 0.577831
20, 14, 0.582902
20, 14.4, 0.586891
20, 14.8, 0.589896
20, 15.2, 0.592017
20, 15.6, 0.593364
20, 16, 0.594055
20, 16.4, 0.594214
20, 16.8, 0.59398
20, 17.2, 0.593499
20, 17.6, 0.59293
20, 18, 0.592446
20, 18.4, 0.592233
20, 18.8, 0.592494
20, 19.2, 0.593448
20, 19.6, 0.595334
20, 20, 0.59841
20, 20.4, 0.602958
20, 20.8, 0.609282
20, 21.2, 0.617717
20, 21.6, 0.628622
20, 22, 0.642393
20, 22.4, 0.659458
20, 22.8, 0.680285
20, 23.2, 0.705385
20, 23.6, 0.735315
20, 24, 0.770682
20, 24.4, 0.812152
20, 24.8, 0.86045
20, 25.2, 0.916371
20.4, 0, -0.890165
20.4, 0.4, -0.786448
20.4, 0.8, -0.68576
20.4, 1.2, -0.589808
20.4, 1.6, -0.499265
20.4, 2, -0.41423
20.4, 2.4, -0.334534
20.4, 2.8, -0.259903
20.4, 3.2, -0.190026
20.4, 3.6, -0.124599
20.4, 4, -0.0633317
20.4, 4.4, -0.00595606
20.4, 4.8, 0.0477713
20.4, 5.2, 0.098071
20.4, 5.6, 0.145142
20.4, 6, 0.189165
20.4, 6.4, 0.2303
20.4, 6.8, 0.268694
20.4, 7.2, 0.304477
20.4, 7.6, 0.337771
20.4, 8, 0.368683
20.4, 8.4, 0.397312
20.4, 8.8, 0.42375
20.4, 9.2, 0.448082
20.4, 9.6, 0.470387
20.4, 10, 0.490741
20.4, 10.4, 0.509217
20.4, 10.8, 0.525883
20.4, 11.2, 0.540809
20.4, 11.6, 0.554063
20.4, 12, 0.565714
20.4, 12.4, 0.575833
20.4, 12.8, 0.584491
20.4, 13.2, 0.591764
20.4, 13.6, 0.59773
20.4, 14, 0.602473
20.4, 14.4, 0.60608
20.4, 14.8, 0.608645
20.4, 15.2, 0.610268
20.4, 15.6, 0.611057
20.4, 16, 0.611128
20.4, 16.4, 0.610606
20.4, 16.8, 0.609624
20.4, 17.2, 0.60833
20.4, 17.6, 0.606879
20.4, 18, 0.605442
20.4, 18.4, 0.604205
20.4, 18.8, 0.603366
20.4, 19.2, 0.603142
20.4, 19.6, 0.603769
20.4, 20, 0.605503
20.4, 20.4, 0.60862
20.4, 20.8, 0.613422
20.4, 21.2, 0.620237
20.4, 21.6, 0.62942
20.4, 22, 0.641361
20.4, 22.4, 0.65648
20.4, 22.8, 0.675239
20.4, 23.2, 0.698139
20.4, 23.6, 0.725727
20.4, 24, 0.758601
20.4, 24.4, 0.797412
20.4, 24.8, 0.842874
20.4, 25.2, 0.895766
20.8, 0, -0.853553
20.8, 0.4, -0.753594
20.8, 0.8, -0.655997
20.8, 1.2, -0.562364
20.8, 1.6, -0.473508
20.8, 2, -0.389702
20.8, 2.4, -0.310913
20.8, 2.8, -0.236954
20.8, 3.2, -0.167577
20.8, 3.6, -0.102513
20.8, 4, -0.0415007
20.8, 4.4, 0.0157083
20.8, 4.8, 0.0693418
20.8, 5.2, 0.119608
20.8, 5.6, 0.166693
20.8, 6, 0.210769
20.8, 6.4, 0.251987
20.8, 6.8, 0.290484
20.8, 7.2, 0.326385
20.8, 7.6, 0.359803
20.8, 8, 0.390838
20.8, 8.4, 0.419585
20.8, 8.8, 0.446128
20.8, 9.2, 0.470549
20.8, 9.6, 0.492921
20.8, 10, 0.513315
20.8, 10.4, 0.5318
20.8, 10.8, 0.548441
20.8, 11.2, 0.563304
20.8, 11.6, 0.576453
20.8, 12, 0.587955
20.8, 12.4, 0.597876
20.8, 12.8, 0.606286
20.8, 13.2, 0.613258
20.8, 13.6, 0.618867
20.8, 14, 0.623193
20.8, 14.4, 0.626323
20.8, 14.8, 0.628348
20.8, 15.2, 0.629366
20.8, 15.6, 0.629482
20.8, 16, 0.628809
20.8, 16.4, 0.627469
20.8, 16.8, 0.625595
20.8, 17.2, 0.623329
20.8, 17.6, 0.620826
20.8, 18, 0.618253
20.8, 18.4, 0.61579
20.8, 18.8, 0.613633
20.8, 19.2, 0.611997
20.8, 19.6, 0.61111
20.8, 20, 0.611223
20.8, 20.4, 0.612607
20.8, 20.8, 0.615559
20.8, 21.2, 0.620397
20.8, 21.6, 0.62747
20.8, 22, 0.637156
20.8, 22.4, 0.649869
20.8, 22.8, 0.666057
20.8, 23.2, 0.686209
20.8, 23.6, 0.710858
20.8, 24, 0.740584
20.8, 24.4, 0.776024
20.8, 24.8, 0.81787
20.8, 25.2, 0.866879
21.2, 0, -0.816942
21.2, 0.4, -0.718376
21.2, 0.8, -0.62227
21.2, 1.2, -0.530141
21.2, 1.6, -0.442699
21.2, 2, -0.360155
21.2, 2.4, -0.282457
21.2, 2.8, -0.20942
21.2, 3.2, -0.140809
21.2, 3.6, -0.076371
21.2, 4, -0.0158605
21.2, 4.4, 0.0409543
21.2, 4.8, 0.0942867
21.2, 5.2, 0.144331
21.2, 5.6, 0.191262
21.2, 6, 0.235239
21.2, 6.4, 0.276402
21.2, 6.8, 0.31488
21.2, 7.2, 0.350786
21.2, 7.6, 0.384226
21.2, 8, 0.415292
21.2, 8.4, 0.44407
21.2, 8.8, 0.47064
21.2, 9.2, 0.495075
21.2, 9.6, 0.517443
21.2, 10, 0.53781
21.2, 10.4, 0.556238
21.2, 10.8, 0.57279
21.2, 11.2, 0.587524
21.2, 11.6, 0.600503
21.2, 12, 0.611788
21.2, 12.4, 0.621443
21.2, 12.8, 0.629533
21.2, 13.2, 0.636127
21.2, 13.6, 0.641298
21.2, 14, 0.645123
21.2, 14.4, 0.647685
21.2, 14.8, 0.649072
21.2, 15.2, 0.649379
21.2, 15.6, 0.648707
21.2, 16, 0.647168
21.2, 16.4, 0.644879
21.2, 16.8, 0.64197
21.2, 17.2, 0.638579
21.2, 17.6, 0.634856
21.2, 18, 0.630964
21.2, 18.4, 0.627079
21.2, 18.8, 0.623393
21.2, 19.2, 0.620112
21.2, 19.6, 0.61746
21.2, 20, 0.615681
21.2, 20.4, 0.615038
21.2, 20.8, 0.615817
21.2, 21.2, 0.618329
21.2, 21.6, 0.622912
21.2, 22, 0.629933
21.2, 22.4, 0.63979
21.2, 22.8, 0.652917
21.2, 23.2, 0.669786
21.2, 23.6, 0.690913
21.2, 24, 0.716858
21.2, 24.4, 0.748233
21.2, 24.8, 0.785704
21.2, 25.2, 0.830002
21.6, 0, -0.78033
21.6, 0.4, -0.680699
21.6, 0.8, -0.584564
21.6, 1.2, -0.493229
21.6, 1.6, -0.406988
21.6, 2, -0.325761
21.6, 2.4, -0.249336
21.6, 2.8, -0.177458
21.6, 3.2, -0.109863
21.6, 3.6, -0.0462965
21.6, 4, 0.0134807
21.6, 4.4, 0.0696883
21.6, 4.8, 0.122526
21.6, 5.2, 0.172174
21.6, 5.6, 0.218793
21.6, 6, 0.262529
21.6, 6.4, 0.303511
21.6, 6.8, 0.341854
21.6, 7.2, 0.377663
21.6, 7.6, 0.411031
21.6, 8, 0.442042
21.6, 8.4, 0.470774
21.6, 8.8, 0.497297
21.6, 9.2, 0.521678
21.6, 9.6, 0.543977
21.6, 10, 0.564254
21.6, 10.4, 0.582565
21.6, 10.8, 0.598966
21.6, 11.2, 0.613512
21.6, 11.6, 0.626259
21.6, 12, 0.637264
21.6, 12.4, 0.646586
21.6, 12.8, 0.654286
21.6, 13.2, 0.66043
21.6, 13.6, 0.665086
21.6, 14, 0.668328
21.6, 14.4, 0.670234
21.6, 14.8, 0.670888
21.6, 15.2, 0.670382
21.6, 15.6, 0.668814
21.6, 16, 0.666289
21.6, 16.4, 0.662923
21.6, 16.8, 0.658839
21.6, 17.2, 0.654171
21.6, 17.6, 0.649065
21.6, 18, 0.643679
21.6, 18.4, 0.638182
21.6, 18.8, 0.632758
21.6, 19.2, 0.627608
21.6, 19.6, 0.622948
21.6, 20, 0.619012
21.6, 20.4, 0.616054
21.6, 20.8, 0.61435
21.6, 21.2, 0.614199
21.6, 21.6, 0.615924
21.6, 22, 0.619879
21.6, 22.4, 0.626445
21.6, 22.8, 0.636038
21.6, 23.2, 0.649111
21.6, 23.6, 0.666154
21.6, 24, 0.687705
21.6, 24.4, 0.714346
21.6, 24.8, 0.746713
21.6, 25.2, 0.785502
22, 0, -0.743718
22, 0.4, -0.639524
22, 0.8, -0.542057
22, 1.2, -0.451221
22, 1.6, -0.36626
22, 2, -0.286561
22, 2.4, -0.211665
22, 2.8, -0.141208
22, 3.2, -0.0748846
22, 3.6, -0.012428
22, 4, 0.0463965
22, 4.4, 0.101798
22, 4.8, 0.153961
22, 5.2, 0.203051
22, 5.6, 0.249214
22, 6, 0.292581
22, 6.4, 0.333265
22, 6.8, 0.371371
22, 7.2, 0.406988
22, 7.6, 0.4402
22, 8, 0.47108
22, 8.4, 0.499695
22, 8.8, 0.526106
22, 9.2, 0.550371
22, 9.6, 0.572542
22, 10, 0.592673
22, 10.4, 0.610811
22, 10.8, 0.627007
22, 11.2, 0.641309
22, 11.6, 0.653767
22, 12, 0.664433
22, 12.4, 0.673361
22, 12.8, 0.680608
22, 13.2, 0.686233
22, 13.6, 0.690301
22, 14, 0.69288
22, 14.4, 0.694045
22, 14.8, 0.693876
22, 15.2, 0.692459
22, 15.6, 0.689887
22, 16, 0.686262
22, 16.4, 0.681694
22, 16.8, 0.676302
22, 17.2, 0.670213
22, 17.6, 0.663567
22, 18, 0.656515
22, 18.4, 0.64922
22, 18.8, 0.641859
22, 19.2, 0.634624
22, 19.6, 0.62772
22, 20, 0.621373
22, 20.4, 0.615824
22, 20.8, 0.611338
22, 21.2, 0.608198
22, 21.6, 0.606714
22, 22, 0.60722
22, 22.4, 0.610079
22, 22.8, 0.615685
22, 23.2, 0.624468
22, 23.6, 0.636892
22, 24, 0.653464
22, 24.4, 0.674734
22, 24.8, 0.701302
22, 25.2, 0.733823
22.4, 0, -0.707107
22.4, 0.4, -0.591622
22.4, 0.8, -0.492917
22.4, 1.2, -0.403338
22.4, 1.6, -0.320269
22.4, 2, -0.242556
22.4, 2.4, -0.169552
22.4, 2.8, -0.100822
22.4, 3.2, -0.0360354
22.4, 3.6, 0.0250766
22.4, 4, 0.0827402
22.4, 4.4, 0.13715
22.4, 4.8, 0.188474
22.4, 5.2, 0.236861
22.4, 5.6, 0.282438
22.4, 6, 0.32532
22.4, 6.4, 0.365606
22.4, 6.8, 0.403382
22.4, 7.2, 0.438727
22.4, 7.6, 0.47171
22.4, 8, 0.502391
22.4, 8.4, 0.530827
22.4, 8.8, 0.55707
22.4, 9.2, 0.581165
22.4, 9.6, 0.603159
22.4, 10, 0.623093
22.4, 10.4, 0.641009
22.4, 10.8, 0.656951
22.4, 11.2, 0.670959
22.4, 11.6, 0.683077
22.4, 12, 0.693351
22.4, 12.4, 0.701829
22.4, 12.8, 0.708561
22.4, 13.2, 0.713603
22.4, 13.6, 0.717014
22.4, 14, 0.718857
22.4, 14.4, 0.719201
22.4, 14.8, 0.718122
22.4, 15.2, 0.7157
22.4, 15.6, 0.712024
22.4, 16, 0.70719
22.4, 16.4, 0.701301
22.4, 16.8, 0.694471
22.4, 17.2, 0.686821
22.4, 17.6, 0.678484
22.4, 18, 0.669604
22.4, 18.4, 0.660334
22.4, 18.8, 0.650845
22.4, 19.2, 0.641316
22.4, 19.6, 0.631944
22.4, 20, 0.622943
22.4, 20.4, 0.614541
22.4, 20.8, 0.606986
22.4, 21.2, 0.600549
22.4, 21.6, 0.595519
22.4, 22, 0.592212
22.4, 22.4, 0.590969
22.4, 22.8, 0.592161
22.4, 23.2, 0.596187
22.4, 23.6, 0.603485
22.4, 24, 0.614526
22.4, 24.4, 0.629825
22.4, 24.8, 0.64994
22.4, 25.2, 0.67548
22.8, 0, -0.626001
22.8, 0.4, -0.526939
22.8, 0.8, -0.434649
22.8, 1.2, -0.348943
22.8, 1.6, -0.268919
22.8, 2, -0.193838
22.8, 2.4, -0.123163
22.8, 2.8, -0.0564899
22.8, 3.2, 0.00649197
22.8, 3.6, 0.0660336
22.8, 4, 0.122342
22.8, 4.4, 0.175592
22.8, 4.8, 0.22593
22.8, 5.2, 0.273484
22.8, 5.6, 0.318364
22.8, 6, 0.360662
22.8, 6.4, 0.400461
22.8, 6.8, 0.437831
22.8, 7.2, 0.472835
22.8, 7.6, 0.505527
22.8, 8, 0.535954
22.8, 8.4, 0.564162
22.8, 8.8, 0.590188
22.8, 9.2, 0.61407
22.8, 9.6, 0.635842
22.8, 10, 0.655538
22.8, 10.4, 0.673192
22.8, 10.8, 0.688836
22.8, 11.2, 0.702507
22.8, 11.6, 0.71424
22.8, 12, 0.724074
22.8, 12.4, 0.73205
22.8, 12.8, 0.738214
22.8, 13.2, 0.742614
22.8, 13.6, 0.745304
22.8, 14, 0.746342
22.8, 14.4, 0.745791
22.8, 14.8, 0.74372
22.8, 15.2, 0.740205
22.8, 15.6, 0.735329
22.8, 16, 0.729181
22.8, 16.4, 0.721859
22.8, 16.8, 0.713469
22.8, 17.2, 0.704125
22.8, 17.6, 0.693954
22.8, 18, 0.683089
22.8, 18.4, 0.671678
22.8, 18.8, 0.659877
22.8, 19.2, 0.647859
22.8, 19.6, 0.635807
22.8, 20, 0.62392
22.8, 20.4, 0.612415
22.8, 20.8, 0.601524
22.8, 21.2, 0.591497
22.8, 21.6, 0.582607
22.8, 22, 0.575145
22.8, 22.4, 0.56943
22.8, 22.8, 0.565805
22.8, 23.2, 0.564639
22.8, 23.6, 0.566337
22.8, 24, 0.571333
22.8, 24.4, 0.580101
22.8, 24.8, 0.593153
22.8, 25.2, 0.611049
23.2, 0, -0.544895
23.2, 0.4, -0.455485
23.2, 0.8, -0.369797
23.2, 1.2, -0.288866
23.2, 1.6, -0.212623
23.2, 2, -0.140715
23.2, 2.4, -0.0727683
23.2, 2.8, -0.00846394
23.2, 3.2, 0.0524626
23.2, 3.6, 0.110227
23.2, 4, 0.165007
23.2, 4.4, 0.216948
23.2, 4.8, 0.266175
23.2, 5.2, 0.312788
23.2, 5.6, 0.356875
23.2, 6, 0.398508
23.2, 6.4, 0.43775
23.2, 6.8, 0.474653
23.2, 7.2, 0.509261
23.2, 7.6, 0.541614
23.2, 8, 0.571745
23.2, 8.4, 0.599683
23.2, 8.8, 0.625457
23.2, 9.2, 0.649091
23.2, 9.6, 0.670608
23.2, 10, 0.690034
23.2, 10.4, 0.70739
23.2, 10.8, 0.722704
23.2, 11.2, 0.736001
23.2, 11.6, 0.747309
23.2, 12, 0.756662
23.2, 12.4, 0.764092
23.2, 12.8, 0.769639
23.2, 13.2, 0.773344
23.2, 13.6, 0.775255
23.2, 14, 0.775424
23.2, 14.4, 0.773908
23.2, 14.8, 0.770771
23.2, 15.2, 0.766081
23.2, 15.6, 0.759914
23.2, 16, 0.752355
23.2, 16.4, 0.743493
23.2, 16.8, 0.733428
23.2, 17.2, 0.722266
23.2, 17.6, 0.710124
23.2, 18, 0.697129
23.2, 18.4, 0.683417
23.2, 18.8, 0.669135
23.2, 19.2, 0.654442
23.2, 19.6, 0.639509
23.2, 20, 0.624523
23.2, 20.4, 0.609683
23.2, 20.8, 0.595203
23.2, 21.2, 0.581315
23.2, 21.6, 0.56827
23.2, 22, 0.556337
23.2, 22.4, 0.545806
23.2, 22.8, 0.536991
23.2, 23.2, 0.530231
23.2, 23.6, 0.525893
23.2, 24, 0.52437
23.2, 24.4, 0.526093
23.2, 24.8, 0.531525
23.2, 25.2, 0.541169
23.6, 0, -0.463789
23.6, 0.4, -0.380307
23.6, 0.8, -0.300188
23.6, 1.2, -0.224099
23.6, 1.6, -0.151992
23.6, 2, -0.0836264
23.6, 2.4, -0.01873
23.6, 2.8, 0.0429422
23.6, 3.2, 0.101598
23.6, 3.6, 0.157408
23.6, 4, 0.210512
23.6, 4.4, 0.261024
23.6, 4.8, 0.309036
23.6, 5.2, 0.354622
23.6, 5.6, 0.397844
23.6, 6, 0.438751
23.6, 6.4, 0.477383
23.6, 6.8, 0.513773
23.6, 7.2, 0.547948
23.6, 7.6, 0.579928
23.6, 8, 0.609732
23.6, 8.4, 0.637376
23.6, 8.8, 0.662872
23.6, 9.2, 0.686234
23.6, 9.6, 0.707473
23.6, 10, 0.726604
23.6, 10.4, 0.743639
23.6, 10.8, 0.758595
23.6, 11.2, 0.771489
23.6, 11.6, 0.782342
23.6, 12, 0.791178
23.6, 12.4, 0.798024
23.6, 12.8, 0.802911
23.6, 13.2, 0.805875
23.6, 13.6, 0.806956
23.6, 14, 0.806199
23.6, 14.4, 0.803655
23.6, 14.8, 0.799381
23.6, 15.2, 0.793439
23.6, 15.6, 0.785899
23.6, 16, 0.776838
23.6, 16.4, 0.766338
23.6, 16.8, 0.75449
23.6, 17.2, 0.741393
23.6, 17.6, 0.727156
23.6, 18, 0.711893
23.6, 18.4, 0.695733
23.6, 18.8, 0.678809
23.6, 19.2, 0.66127
23.6, 19.6, 0.643272
23.6, 20, 0.624986
23.6, 20.4, 0.606594
23.6, 20.8, 0.588294
23.6, 21.2, 0.570295
23.6, 21.6, 0.552826
23.6, 22, 0.536129
23.6, 22.4, 0.520469
23.6, 22.8, 0.506126
23.6, 23.2, 0.493405
23.6, 23.6, 0.482633
23.6, 24, 0.474164
23.6, 24.4, 0.468378
23.6, 24.8, 0.465685
23.6, 25.2, 0.466532
24, 0, -0.382683
24, 0.4, -0.301766
24, 0.8, -0.226547
24, 1.2, -0.155348
24, 1.6, -0.08762
24, 2, -0.0230671
24, 2.4, 0.0385342
24, 2.8, 0.0973668
24, 3.2, 0.153581
24, 3.6, 0.207298
24, 4, 0.258613
24, 4.4, 0.307603
24, 4.8, 0.354325
24, 5.2, 0.398823
24, 5.6, 0.441131
24, 6, 0.481271
24, 6.4, 0.519262
24, 6.8, 0.555114
24, 7.2, 0.588833
24, 7.6, 0.620423
24, 8, 0.649885
24, 8.4, 0.67722
24, 8.8, 0.702426
24, 9.2, 0.725504
24, 9.6, 0.746452
24, 10, 0.765274
24, 10.4, 0.781972
24, 10.8, 0.796553
24, 11.2, 0.809024
24, 11.6, 0.819398
24, 12, 0.827691
24, 12.4, 0.833921
24, 12.8, 0.838113
24, 13.2, 0.840295
24, 13.6, 0.840499
24, 14, 0.838766
24, 14.4, 0.835137
24, 14.8, 0.829664
24, 15.2, 0.822402
24, 15.6, 0.813413
24, 16, 0.802765
24, 16.4, 0.790536
24, 16.8, 0.776806
24, 17.2, 0.761667
24, 17.6, 0.745217
24, 18, 0.727562
24, 18.4, 0.708816
24, 18.8, 0.689105
24, 19.2, 0.668561
24, 19.6, 0.647327
24, 20, 0.625559
24, 20.4, 0.603419
24, 20.8, 0.581087
24, 21.2, 0.55875
24, 21.6, 0.536611
24, 22, 0.514889
24, 22.4, 0.493816
24, 22.8, 0.473641
24, 23.2, 0.454631
24, 23.6, 0.437074
24, 24, 0.421276
24, 24.4, 0.407569
24, 24.8, 0.396308
24, 25.2, 0.387875
24.4, 0, -0.288887
24.4, 0.4, -0.217527
24.4, 0.8, -0.148887
24.4, 1.2, -0.0831246
24.4, 1.6, -0.0200718
24.4, 2, 0.0404451
24.4, 2.4, 0.0985682
24.4, 2.8, 0.154411
24.4, 3.2, 0.208063
24.4, 3.6, 0.259591
24.4, 4, 0.309042
24.4, 4.4, 0.356452
24.4, 4.8, 0.40184
24.4, 5.2, 0.445218
24.4, 5.6, 0.486587
24.4, 6, 0.525945
24.4, 6.4, 0.563283
24.4, 6.8, 0.598589
24.4, 7.2, 0.63185
24.4, 7.6, 0.663049
24.4, 8, 0.69217
24.4, 8.4, 0.719196
24.4, 8.8, 0.744113
24.4, 9.2, 0.766906
24.4, 9.6, 0.787562
24.4, 10, 0.806072
24.4, 10.4, 0.822427
24.4, 10.8, 0.836624
24.4, 11.2, 0.848661
24.4, 11.6, 0.858541
24.4, 12, 0.86627
24.4, 12.4, 0.871862
24.4, 12.8, 0.87533
24.4, 13.2, 0.876696
24.4, 13.6, 0.875987
24.4, 14, 0.873232
24.4, 14.4, 0.868469
24.4, 14.8, 0.861741
24.4, 15.2, 0.853096
24.4, 15.6, 0.842589
24.4, 16, 0.83028
24.4, 16.4, 0.816238
24.4, 16.8, 0.800537
24.4, 17.2, 0.783257
24.4, 17.6, 0.764487
24.4, 18, 0.744324
24.4, 18.4, 0.72287
24.4, 18.8, 0.700237
24.4, 19.2, 0.676545
24.4, 19.6, 0.651922
24.4, 20, 0.626505
24.4, 20.4, 0.600441
24.4, 20.8, 0.573887
24.4, 21.2, 0.547008
24.4, 21.6, 0.519984
24.4, 22, 0.493003
24.4, 22.4, 0.466267
24.4, 22.8, 0.439992
24.4, 23.2, 0.414407
24.4, 23.6, 0.389756
24.4, 24, 0.366299
24.4, 24.4, 0.344315
24.4, 24.8, 0.324103
24.4, 25.2, 0.305979
24.8, 0, -0.19509
24.8, 0.4, -0.13057
24.8, 0.8, -0.0683466
24.8, 1.2, -0.00819174
24.8, 1.6, 0.0500132
24.8, 2, 0.106352
24.8, 2.4, 0.160883
24.8, 2.8, 0.213648
24.8, 3.2, 0.264671
24.8, 3.6, 0.31396
24.8, 4, 0.361515
24.8, 4.4, 0.407324
24.8, 4.8, 0.451368
24.8, 5.2, 0.493622
24.8, 5.6, 0.534057
24.8, 6, 0.572641
24.8, 6.4, 0.609338
24.8, 6.8, 0.644114
24.8, 7.2, 0.676931
24.8, 7.6, 0.707755
24.8, 8, 0.736551
24.8, 8.4, 0.763285
24.8, 8.8, 0.787927
24.8, 9.2, 0.810448
24.8, 9.6, 0.830822
24.8, 10, 0.849027
24.8, 10.4, 0.865044
24.8, 10.8, 0.878858
24.8, 11.2, 0.890457
24.8, 11.6, 0.899836
24.8, 12, 0.906992
24.8, 12.4, 0.911928
24.8, 12.8, 0.914652
24.8, 13.2, 0.915177
24.8, 13.6, 0.913522
24.8, 14, 0.90971
24.8, 14.4, 0.90377
24.8, 14.8, 0.895739
24.8, 15.2, 0.885656
24.8, 15.6, 0.87357
24.8, 16, 0.859532
24.8, 16.4, 0.843603
24.8, 16.8, 0.825848
24.8, 17.2, 0.806339
24.8, 17.6, 0.785155
24.8, 18, 0.76238
24.8, 18.4, 0.738106
24.8, 18.8, 0.712432
24.8, 19.2, 0.685463
24.8, 19.6, 0.657313
24.8, 20, 0.628102
24.8, 20.4, 0.597956
24.8, 20.8, 0.567013
24.8, 21.2, 0.535415
24.8, 21.6, 0.503314
24.8, 22, 0.470873
24.8, 22.4, 0.43826
24.8, 22.8, 0.405656
24.8, 23.2, 0.37325
24.8, 23.6, 0.341244
24.8, 24, 0.309849
24.8, 24.4, 0.279291
24.8, 24.8, 0.249808
24.8, 25.2, 0.221652
25.2, 0, -0.0980171
25.2, 0.4, -0.0413143
25.2, 0.8, 0.0142619
25.2, 1.2, 0.0686914
25.2, 1.6, 0.121965
25.2, 2, 0.174066
25.2, 2.4, 0.224966
25.2, 2.8, 0.274629
25.2, 3.2, 0.323012
25.2, 3.6, 0.370066
25.2, 4, 0.415735
25.2, 4.4, 0.459962
25.2, 4.8, 0.502687
25.2, 5.2, 0.543847
25.2, 5.6, 0.58338
25.2, 6, 0.621224
25.2, 6.4, 0.657316
25.2, 6.8, 0.691597
25.2, 7.2, 0.724007
25.2, 7.6, 0.754491
25.2, 8, 0.782995
25.2, 8.4, 0.809468
25.2, 8.8, 0.833863
25.2, 9.2, 0.856138
25.2, 9.6, 0.876253
25.2, 10, 0.894172
25.2, 10.4, 0.909866
25.2, 10.8, 0.923308
25.2, 11.2, 0.934476
25.2, 11.6, 0.943356
25.2, 12, 0.949935
25.2, 12.4, 0.954208
25.2, 12.8, 0.956175
25.2, 13.2, 0.955841
25.2, 13.6, 0.953216
25.2, 14, 0.948317
25.2, 14.4, 0.941165
25.2, 14.8, 0.931789
25.2, 15.2, 0.920222
25.2, 15.6, 0.906503
25.2, 16, 0.890678
25.2, 16.4, 0.872796
25.2, 16.8, 0.852916
25.2, 17.2, 0.8311
25.2, 17.6, 0.807415
25.2, 18, 0.781936
25.2, 18.4, 0.754744
25.2, 18.8, 0.725923
25.2, 19.2, 0.695565
25.2, 19.6, 0.663767
25.2, 20, 0.630633
25.2, 20.4, 0.596271
25.2, 20.8, 0.560794
25.2, 21.2, 0.524325
25.2, 21.6, 0.486988
25.2, 22, 0.448915
25.2, 22.4, 0.410245
25.2, 22.8, 0.371121
25.2, 23.2, 0.331694
25.2, 23.6, 0.29212
25.2, 24, 0.252563
25.2, 24.4, 0.213193
25.2, 24.8, 0.174187
25.2, 25.2, 0.135731
