0.000000, 1.056774, 498.943226
0.100000, 1.099783, 498.900217
0.200000, 1.179361, 498.820639
0.300000, 1.227346, 498.772654
0.400000, 1.316069, 498.683931
0.500000, 1.369597, 498.630403
0.600000, 1.468520, 498.531480
0.700000, 1.528225, 498.471775
0.800000, 1.638502, 498.361498
0.900000, 1.705088, 498.294912
1.000000, 1.827999, 498.172001
1.100000, 1.902250, 498.097750
1.200000, 2.039213, 497.960787
1.300000, 2.121998, 497.878002
1.400000, 2.274585, 497.725415
1.500000, 2.366868, 497.633132
1.600000, 2.536817, 497.463183
1.700000, 2.639669, 497.360331
1.800000, 2.828899, 497.171101
1.900000, 2.943506, 497.056494
2.000000, 3.154139, 496.845861
2.100000, 3.281814, 496.718186
2.200000, 3.516185, 496.483815
2.300000, 3.658381, 496.341619
2.400000, 3.919061, 496.080939
2.500000, 4.077384, 495.922616
2.600000, 4.367199, 495.632801
2.700000, 4.543420, 495.456580
2.800000, 4.865467, 495.134533
2.900000, 5.061539, 494.938461
3.000000, 5.419208, 494.580792
3.100000, 5.637279, 494.362721
3.200000, 6.034270, 493.965730
3.300000, 6.276700, 493.723300
3.400000, 6.717041, 493.282959
3.500000, 6.986420, 493.013580
3.600000, 7.474482, 492.525518
3.700000, 7.773641, 492.226359
3.800000, 8.314153, 491.685847
3.900000, 8.646185, 491.353815
4.000000, 9.244240, 490.755760
4.100000, 9.612510, 490.387490
4.200000, 10.273573, 489.726427
4.300000, 10.681737, 489.318263
4.400000, 11.411640, 488.588360
4.500000, 11.863652, 488.136348
4.600000, 12.668588, 487.331412
4.700000, 13.168712, 486.831288
4.800000, 14.055209, 485.944791
4.900000, 14.608024, 485.391976
5.000000, 15.582921, 484.417079
5.100000, 16.193318, 483.806682
5.200000, 17.263714, 482.736286
5.300000, 17.936898, 482.063102
5.400000, 19.110093, 480.889907
5.500000, 19.851564, 480.148436
5.600000, 21.134980, 478.865020
5.700000, 21.950516, 478.049484
5.800000, 23.351599, 476.648401
5.900000, 24.247227, 475.752773
6.000000, 25.773328, 474.226672
6.100000, 26.755277, 473.244723
6.200000, 28.413512, 471.586488
6.300000, 29.488167, 470.511833
6.400000, 31.285258, 468.714742
6.500000, 32.459086, 467.540914
6.600000, 34.401180, 465.598820
6.700000, 35.680658, 464.319342
6.800000, 37.773132, 462.226868
6.900000, 39.164646, 460.835354
7.000000, 41.411905, 458.588095
7.100000, 42.921645, 457.078355
7.200000, 45.326909, 454.673091
7.300000, 46.960752, 453.039248
7.400000, 49.525849, 450.474151
7.500000, 51.289227, 448.710773
7.600000, 54.014398, 445.985602
7.700000, 55.912166, 444.087834
7.800000, 58.795895, 441.204105
7.900000, 60.832190, 439.167810
8.000000, 63.871066, 436.128934
8.100000, 66.049170, 433.950830
8.200000, 69.237794, 430.762206
8.300000, 71.560008, 428.439992
8.400000, 74.890949, 425.109051
8.500000, 77.358470, 422.641530
8.600000, 80.822290, 419.177710
8.700000, 83.435115, 416.564885
8.800000, 87.020446, 412.979554
8.900000, 89.777296, 410.222704
9.000000, 93.470988, 406.529012
9.100000, 96.369261, 403.630739
9.200000, 100.156589, 399.843411
9.300000, 103.192337, 396.807663
9.400000, 107.057265, 392.942735
9.500000, 110.225212, 389.774788
9.600000, 114.150691, 385.849309
9.700000, 117.444284, 382.555716
9.800000, 121.412585, 378.587415
9.900000, 124.824069, 375.175931
10.000000, 128.817136, 371.182864
10.100000, 132.337665, 367.662335
10.200000, 136.337459, 363.662541
10.300000, 139.957227, 360.042773
10.400000, 143.946062, 356.053938
10.500000, 147.654459, 352.345541
10.600000, 151.615308, 348.384692
10.700000, 155.401087, 344.598913
10.800000, 159.317853, 340.682147
10.900000, 163.169300, 336.830700
11.000000, 167.027047, 332.972953
11.100000, 170.932161, 329.067839
11.200000, 174.717286, 325.282714
11.300000, 178.663951, 321.336049
11.400000, 182.364316, 317.635684
11.500000, 186.340461, 313.659539
11.600000, 189.945473, 310.054527
11.700000, 193.939226, 306.060774
11.800000, 197.439869, 302.560131
11.900000, 201.439691, 298.560309
12.000000, 204.828521, 295.171479
12.100000, 208.823323, 291.176677
12.200000, 212.094425, 287.905575
12.300000, 216.073664, 283.926336
12.400000, 219.222583, 280.777417
12.500000, 223.176344, 276.823656
12.600000, 226.199992, 273.800008
12.700000, 230.119046, 269.880954
12.800000, 233.015590, 266.984410
12.900000, 236.891437, 263.108563
13.000000, 239.660185, 260.339815
13.100000, 243.485078, 256.514922
13.200000, 246.126350, 253.873650
13.300000, 249.893308, 250.106692
13.400000, 252.408314, 247.591686
13.500000, 256.111118, 243.888882
13.600000, 258.501829, 241.498171
13.700000, 262.135012, 237.864988
13.800000, 264.404045, 235.595955
13.900000, 267.962866, 232.037134
14.000000, 270.113372, 229.886628
14.100000, 273.593790, 226.406210
14.200000, 275.629346, 224.370654
14.300000, 279.027984, 220.972016
14.400000, 280.952505, 219.047495
14.500000, 284.266610, 215.733390
14.600000, 286.084259, 213.915741
14.700000, 289.311663, 210.688337
14.800000, 291.026778, 208.973222
14.900000, 294.165852, 205.834148
15.000000, 295.782878, 204.217122
15.100000, 298.832490, 201.167510
15.200000, 300.355924, 199.644076
15.300000, 303.315395, 196.684605
15.400000, 304.749738, 195.250262
15.500000, 307.618798, 192.381202
15.600000, 308.968512, 191.031488
15.700000, 311.747261, 188.252739
15.800000, 313.016736, 186.983264
15.900000, 315.705605, 184.294395
16.000000, 316.899132, 183.100868
16.100000, 319.498840, 180.501160
16.200000, 320.620591, 179.379409
16.300000, 323.132116, 176.867884
16.400000, 324.186124, 175.813876
16.500000, 326.610666, 173.389334
16.600000, 327.600816, 172.399184
16.700000, 329.939769, 170.060231
16.800000, 330.869784, 169.130216
16.900000, 333.124708, 166.875292
17.000000, 333.998150, 166.001850
17.100000, 336.170741, 163.829259
17.200000, 336.991004, 163.008996
17.300000, 339.083076, 160.916924
17.400000, 339.853386, 160.146614
17.500000, 341.866845, 158.133155
17.600000, 342.590263, 157.409737
17.700000, 344.527091, 155.472909
17.800000, 345.206511, 154.793489
17.900000, 347.068748, 152.931252
18.000000, 347.706904, 152.293096
18.100000, 349.496631, 150.503369
18.200000, 350.096104, 149.903896
18.300000, 351.815429, 148.184571
18.400000, 352.378648, 147.621352
18.500000, 354.029697, 145.970303
18.600000, 354.558946, 145.441054
18.700000, 356.143848, 143.856152
18.800000, 356.641274, 143.358726
18.900000, 358.162154, 141.837846
19.000000, 358.629770, 141.370230
19.100000, 360.088742, 139.911258
19.200000, 360.528437, 139.471563
19.300000, 361.927593, 138.072407
19.400000, 362.341137, 137.658863
19.500000, 363.682544, 136.317456
19.600000, 364.071593, 135.928407
19.700000, 365.357287, 134.642713
19.800000, 365.723392, 134.276608
19.900000, 366.955372, 133.044628
20.000000, 367.299984, 132.700016
20.100000, 368.480211, 131.519789
20.200000, 368.804686, 131.195314
20.300000, 369.935078, 130.064922
20.400000, 370.240682, 129.759318
20.500000, 371.323112, 128.676888
20.600000, 371.611032, 128.388968
20.700000, 372.647326, 127.352674
20.800000, 372.918667, 127.081333
20.900000, 373.910603, 126.089397
21.000000, 374.166399, 125.833601
21.100000, 375.115705, 124.884295
21.200000, 375.356922, 124.643078
21.300000, 376.265277, 123.734723
21.400000, 376.492817, 123.507183
21.500000, 377.361847, 122.638153
21.600000, 377.576554, 122.423446
21.700000, 378.407835, 121.592165
21.800000, 378.610495, 121.389505
21.900000, 379.405554, 120.594446
22.000000, 379.596903, 120.403097
22.100000, 380.357215, 119.642785
22.200000, 380.537939, 119.462061
22.300000, 381.264930, 118.735070
22.400000, 381.435672, 118.564328
22.500000, 382.130717, 117.869283
22.600000, 382.292077, 117.707923
22.700000, 382.956504, 117.043496
22.800000, 383.109043, 116.890957
22.900000, 383.744132, 116.255868
23.000000, 383.888374, 116.111626
23.100000, 384.495358, 115.504642
23.200000, 384.631795, 115.368205
23.300000, 385.211860, 114.788140
23.400000, 385.340950, 114.659050
23.500000, 385.895240, 114.104760
23.600000, 386.017413, 113.982587
23.700000, 386.547026, 113.452974
23.800000, 386.662684, 113.337316
23.900000, 387.168677, 112.831323
24.000000, 387.278196, 112.721804
24.100000, 387.761585, 112.238415
24.200000, 387.865319, 112.134681
24.300000, 388.327078, 111.672922
24.400000, 388.425357, 111.574643
24.500000, 388.866424, 111.133576
24.600000, 388.959558, 111.040442
24.700000, 389.380830, 110.619170
24.800000, 389.469110, 110.530890
24.900000, 389.871451, 110.128549
25.000000, 389.955150, 110.044850
25.100000, 390.339387, 109.660613
25.200000, 390.418760, 109.581240
25.300000, 390.785687, 109.214313
25.400000, 390.860975, 109.139025
25.500000, 391.211352, 108.788648
25.600000, 391.282780, 108.717220
25.700000, 391.617336, 108.382664
25.800000, 391.685116, 108.314884
25.900000, 392.004551, 107.995449
26.000000, 392.068883, 107.931117
26.100000, 392.373864, 107.626136
26.200000, 392.434936, 107.565064
26.300000, 392.726105, 107.273895
26.400000, 392.784092, 107.215908
26.500000, 393.062063, 106.937937
26.600000, 393.117131, 106.882869
26.700000, 393.382491, 106.617509
26.800000, 393.434797, 106.565203
26.900000, 393.688109, 106.311891
27.000000, 393.737800, 106.262200
27.100000, 393.979602, 106.020398
27.200000, 394.026815, 105.973185
27.300000, 394.257622, 105.742378
27.400000, 394.302490, 105.697510
27.500000, 394.522794, 105.477206
27.600000, 394.565439, 105.434561
27.700000, 394.775712, 105.224288
27.800000, 394.816250, 105.183750
27.900000, 395.016943, 104.983057
28.000000, 395.055483, 104.944517
28.100000, 395.247027, 104.752973
28.200000, 395.283674, 104.716326
28.300000, 395.466481, 104.533519
28.400000, 395.501331, 104.498669
28.500000, 395.675795, 104.324205
28.600000, 395.708941, 104.291059
28.700000, 395.875439, 104.124561
28.800000, 395.906968, 104.093032
28.900000, 396.065859, 103.934141
29.000000, 396.095855, 103.904145
29.100000, 396.247484, 103.752516
29.200000, 396.276023, 103.723977
29.300000, 396.420718, 103.579282
29.400000, 396.447874, 103.552126
29.500000, 396.585951, 103.414049
29.600000, 396.611794, 103.388206
29.700000, 396.743552, 103.256448
29.800000, 396.768148, 103.231852
29.900000, 396.893874, 103.106126
30.000000, 396.917285, 103.082715
30.100000, 397.037253, 102.962747
30.200000, 397.059539, 102.940461
30.300000, 397.174011, 102.825989
30.400000, 397.195227, 102.804773
30.500000, 397.304453, 102.695547
30.600000, 397.324653, 102.675347
30.700000, 397.428871, 102.571129
30.800000, 397.448105, 102.551895
30.900000, 397.547545, 102.452455
31.000000, 397.565860, 102.434140
31.100000, 397.660738, 102.339262
31.200000, 397.678180, 102.321820
31.300000, 397.768705, 102.231295
31.400000, 397.785316, 102.214684
31.500000, 397.871687, 102.128313
31.600000, 397.887508, 102.112492
31.700000, 397.969914, 102.030086
31.800000, 397.984984, 102.015016
31.900000, 398.063606, 101.936394
32.000000, 398.077961, 101.922039
32.100000, 398.152973, 101.847027
32.200000, 398.166648, 101.833352
32.300000, 398.238213, 101.761787
32.400000, 398.251241, 101.748759
32.500000, 398.319519, 101.680481
32.600000, 398.331931, 101.668069
32.700000, 398.397072, 101.602928
32.800000, 398.408898, 101.591102
32.900000, 398.471044, 101.528956
33.000000, 398.482312, 101.517688
33.100000, 398.541602, 101.458398
33.200000, 398.552339, 101.447661
33.300000, 398.608903, 101.391097
33.400000, 398.619134, 101.380866
33.500000, 398.673097, 101.326903
33.600000, 398.682847, 101.317153
33.700000, 398.734328, 101.265672
33.800000, 398.743620, 101.256380
33.900000, 398.792733, 101.207267
34.000000, 398.801589, 101.198411
34.100000, 398.848442, 101.151558
34.200000, 398.856883, 101.143117
34.300000, 398.901580, 101.098420
34.400000, 398.909625, 101.090375
34.500000, 398.952266, 101.047734
34.600000, 398.959934, 101.040066
34.700000, 399.000612, 100.999388
34.800000, 399.007921, 100.992079
34.900000, 399.046727, 100.953273
35.000000, 399.053694, 100.946306
35.100000, 399.090714, 100.909286
35.200000, 399.097355, 100.902645
35.300000, 399.132670, 100.867330
35.400000, 399.139001, 100.860999
35.500000, 399.172691, 100.827309
35.600000, 399.178726, 100.821274
35.700000, 399.210864, 100.789136
35.800000, 399.216618, 100.783382
35.900000, 399.247276, 100.752724
36.000000, 399.252761, 100.747239
36.100000, 399.282007, 100.717993
36.200000, 399.287237, 100.712763
36.300000, 399.315136, 100.684864
36.400000, 399.320122, 100.679878
36.500000, 399.346736, 100.653264
36.600000, 399.351489, 100.648511
36.700000, 399.376878, 100.623122
36.800000, 399.381410, 100.618590
36.900000, 399.405629, 100.594371
37.000000, 399.409950, 100.590050
37.100000, 399.433053, 100.566947
37.200000, 399.437173, 100.562827
37.300000, 399.459211, 100.540789
37.400000, 399.463140, 100.536860
37.500000, 399.484163, 100.515837
37.600000, 399.487909, 100.512091
37.700000, 399.507963, 100.492037
37.800000, 399.511535, 100.488465
37.900000, 399.530665, 100.469335
38.000000, 399.534071, 100.465929
38.100000, 399.552319, 100.447681
38.200000, 399.555567, 100.444433
38.300000, 399.572975, 100.427025
38.400000, 399.576071, 100.423929
38.500000, 399.592677, 100.407323
38.600000, 399.595630, 100.404370
38.700000, 399.611470, 100.388530
38.800000, 399.614286, 100.385714
38.900000, 399.629396, 100.370604
39.000000, 399.632081, 100.367919
39.100000, 399.646495, 100.353505
39.200000, 399.649055, 100.350945
39.300000, 399.662804, 100.337196
39.400000, 399.665247, 100.334753
39.500000, 399.678362, 100.321638
39.600000, 399.680691, 100.319309
39.700000, 399.693201, 100.306799
39.800000, 399.695422, 100.304578
39.900000, 399.707356, 100.292644
40.000000, 399.709474, 100.290526
40.100000, 399.720858, 100.279142
40.200000, 399.722878, 100.277122
40.300000, 399.733736, 100.266264
40.400000, 399.735663, 100.264337
40.500000, 399.746021, 100.253979
40.600000, 399.747858, 100.252142
40.700000, 399.757739, 100.242261
40.800000, 399.759491, 100.240509
40.900000, 399.768916, 100.231084
41.000000, 399.770587, 100.229413
41.100000, 399.779577, 100.220423
41.200000, 399.781171, 100.218829
41.300000, 399.789747, 100.210253
41.400000, 399.791267, 100.208733
41.500000, 399.799447, 100.200553
41.600000, 399.800897, 100.199103
41.700000, 399.808700, 100.191300
41.800000, 399.810082, 100.189918
41.900000, 399.817526, 100.182474
42.000000, 399.818844, 100.181156
42.100000, 399.825944, 100.174056
42.200000, 399.827202, 100.172798
42.300000, 399.833974, 100.166026
42.400000, 399.835174, 100.164826
42.500000, 399.841634, 100.158366
42.600000, 399.842778, 100.157222
42.700000, 399.848940, 100.151060
42.800000, 399.850032, 100.149968
42.900000, 399.855910, 100.144090
43.000000, 399.856950, 100.143050
43.100000, 399.862557, 100.137443
43.200000, 399.863550, 100.136450
43.300000, 399.868898, 100.131102
43.400000, 399.869845, 100.130155
43.500000, 399.874947, 100.125053
43.600000, 399.875850, 100.124150
43.700000, 399.880716, 100.119284
43.800000, 399.881577, 100.118423
43.900000, 399.886219, 100.113781
44.000000, 399.887041, 100.112959
44.100000, 399.891469, 100.108531
44.200000, 399.892252, 100.107748
44.300000, 399.896476, 100.103524
44.400000, 399.897223, 100.102777
44.500000, 399.901252, 100.098748
44.600000, 399.901965, 100.098035
44.700000, 399.905808, 100.094192
44.800000, 399.906487, 100.093513
44.900000, 399.910153, 100.089847
45.000000, 399.910802, 100.089198
45.100000, 399.914298, 100.085702
45.200000, 399.914917, 100.085083
45.300000, 399.918252, 100.081748
45.400000, 399.918842, 100.081158
45.500000, 399.922024, 100.077976
45.600000, 399.922586, 100.077414
45.700000, 399.925621, 100.074379
45.800000, 399.926158, 100.073842
45.900000, 399.929053, 100.070947
46.000000, 399.929564, 100.070436
46.100000, 399.932326, 100.067674
46.200000, 399.932814, 100.067186
46.300000, 399.935448, 100.064552
46.400000, 399.935913, 100.064087
46.500000, 399.938426, 100.061574
46.600000, 399.938870, 100.061130
46.700000, 399.941267, 100.058733
46.800000, 399.941690, 100.058310
46.900000, 399.943976, 100.056024
47.000000, 399.944380, 100.055620
47.100000, 399.946561, 100.053439
47.200000, 399.946946, 100.053054
47.300000, 399.949026, 100.050974
47.400000, 399.949394, 100.050606
47.500000, 399.951378, 100.048622
47.600000, 399.951729, 100.048271
47.700000, 399.953621, 100.046379
47.800000, 399.953956, 100.046044
47.900000, 399.955761, 100.044239
48.000000, 399.956080, 100.043920
48.100000, 399.957802, 100.042198
48.200000, 399.958106, 100.041894
48.300000, 399.959749, 100.040251
48.400000, 399.960039, 100.039961
48.500000, 399.961606, 100.038394
48.600000, 399.961882, 100.038118
48.700000, 399.963377, 100.036623
48.800000, 399.963641, 100.036359
48.900000, 399.965067, 100.034933
49.000000, 399.965318, 100.034682
49.100000, 399.966678, 100.033322
49.200000, 399.966918, 100.033082
49.300000, 399.968215, 100.031785
49.400000, 399.968445, 100.031555
49.500000, 399.969682, 100.030318
49.600000, 399.969900, 100.030100
49.700000, 399.971081, 100.028919
49.800000, 399.971289, 100.028711
49.900000, 399.972415, 100.027585
50.000000, 399.972614, 100.027386
50.100000, 399.973687, 100.026313
50.200000, 399.973877, 100.026123
50.300000, 399.974901, 100.025099
50.400000, 399.975082, 100.024918
50.500000, 399.976059, 100.023941
50.600000, 399.976232, 100.023768
50.700000, 399.977164, 100.022836
50.800000, 399.977328, 100.022672
50.900000, 399.978217, 100.021783
51.000000, 399.978374, 100.021626
51.100000, 399.979222, 100.020778
51.200000, 399.979372, 100.020628
51.300000, 399.980181, 100.019819
51.400000, 399.980324, 100.019676
51.500000, 399.981095, 100.018905
51.600000, 399.981231, 100.018769
51.700000, 399.981967, 100.018033
51.800000, 399.982097, 100.017903
51.900000, 399.982799, 100.017201
52.000000, 399.982923, 100.017077
52.100000, 399.983593, 100.016407
52.200000, 399.983711, 100.016289
52.300000, 399.984350, 100.015650
52.400000, 399.984462, 100.015538
52.500000, 399.985072, 100.014928
52.600000, 399.985179, 100.014821
52.700000, 399.985760, 100.014240
52.800000, 399.985863, 100.014137
52.900000, 399.986417, 100.013583
53.000000, 399.986515, 100.013485
53.100000, 399.987044, 100.012956
53.200000, 399.987137, 100.012863
53.300000, 399.987642, 100.012358
53.400000, 399.987731, 100.012269
53.500000, 399.988212, 100.011788
53.600000, 399.988297, 100.011703
53.700000, 399.988756, 100.011244
53.800000, 399.988837, 100.011163
53.900000, 399.989274, 100.010726
54.000000, 399.989352, 100.010648
54.100000, 399.989769, 100.010231
54.200000, 399.989843, 100.010157
54.300000, 399.990241, 100.009759
54.400000, 399.990312, 100.009688
54.500000, 399.990691, 100.009309
54.600000, 399.990759, 100.009241
54.700000, 399.991121, 100.008879
54.800000, 399.991185, 100.008815
54.900000, 399.991531, 100.008469
55.000000, 399.991592, 100.008408
55.100000, 399.991921, 100.008079
55.200000, 399.991979, 100.008021
55.300000, 399.992294, 100.007706
55.400000, 399.992350, 100.007650
55.500000, 399.992649, 100.007351
55.600000, 399.992702, 100.007298
55.700000, 399.992989, 100.007011
55.800000, 399.993039, 100.006961
55.900000, 399.993312, 100.006688
56.000000, 399.993360, 100.006640
56.100000, 399.993621, 100.006379
56.200000, 399.993667, 100.006333
56.300000, 399.993915, 100.006085
56.400000, 399.993959, 100.006041
56.500000, 399.994196, 100.005804
56.600000, 399.994237, 100.005763
56.700000, 399.994463, 100.005537
56.800000, 399.994503, 100.005497
56.900000, 399.994719, 100.005281
57.000000, 399.994757, 100.005243
57.100000, 399.994962, 100.005038
57.200000, 399.994999, 100.005001
57.300000, 399.995195, 100.004805
57.400000, 399.995230, 100.004770
57.500000, 399.995417, 100.004583
57.600000, 399.995450, 100.004550
57.700000, 399.995628, 100.004372
57.800000, 399.995660, 100.004340
57.900000, 399.995830, 100.004170
58.000000, 399.995860, 100.004140
58.100000, 399.996022, 100.003978
58.200000, 399.996051, 100.003949
58.300000, 399.996206, 100.003794
58.400000, 399.996233, 100.003767
58.500000, 399.996381, 100.003619
58.600000, 399.996407, 100.003593
58.700000, 399.996548, 100.003452
58.800000, 399.996573, 100.003427
58.900000, 399.996707, 100.003293
59.000000, 399.996731, 100.003269
59.100000, 399.996859, 100.003141
59.200000, 399.996881, 100.003119
59.300000, 399.997004, 100.002996
59.400000, 399.997025, 100.002975
59.500000, 399.997142, 100.002858
59.600000, 399.997163, 100.002837
59.700000, 399.997274, 100.002726
59.800000, 399.997293, 100.002707
59.900000, 399.997400, 100.002600
60.000000, 399.997418, 100.002582
60.100000, 399.997520, 100.002480
60.200000, 399.997537, 100.002463
60.300000, 399.997634, 100.002366
60.400000, 399.997651, 100.002349
60.500000, 399.997743, 100.002257
60.600000, 399.997759, 100.002241
60.700000, 399.997847, 100.002153
60.800000, 399.997863, 100.002137
60.900000, 399.997947, 100.002053
61.000000, 399.997961, 100.002039
61.100000, 399.998041, 100.001959
61.200000, 399.998055, 100.001945
61.300000, 399.998132, 100.001868
61.400000, 399.998145, 100.001855
61.500000, 399.998218, 100.001782
61.600000, 399.998231, 100.001769
61.700000, 399.998300, 100.001700
61.800000, 399.998312, 100.001688
61.900000, 399.998379, 100.001621
62.000000, 399.998390, 100.001610
62.100000, 399.998453, 100.001547
62.200000, 399.998464, 100.001536
62.300000, 399.998525, 100.001475
62.400000, 399.998535, 100.001465
62.500000, 399.998593, 100.001407
62.600000, 399.998603, 100.001397
62.700000, 399.998658, 100.001342
62.800000, 399.998667, 100.001333
62.900000, 399.998720, 100.001280
63.000000, 399.998729, 100.001271
63.100000, 399.998779, 100.001221
63.200000, 399.998787, 100.001213
63.300000, 399.998835, 100.001165
63.400000, 399.998843, 100.001157
63.500000, 399.998889, 100.001111
63.600000, 399.998897, 100.001103
63.700000, 399.998940, 100.001060
63.800000, 399.998948, 100.001052
63.900000, 399.998989, 100.001011
64.000000, 399.998996, 100.001004
64.100000, 399.999036, 100.000964
64.200000, 399.999043, 100.000957
64.300000, 399.999080, 100.000920
64.400000, 399.999087, 100.000913
64.500000, 399.999123, 100.000877
64.600000, 399.999129, 100.000871
64.700000, 399.999163, 100.000837
64.800000, 399.999169, 100.000831
64.900000, 399.999202, 100.000798
65.000000, 399.999207, 100.000793
65.100000, 399.999238, 100.000762
65.200000, 399.999244, 100.000756
65.300000, 399.999274, 100.000726
65.400000, 399.999279, 100.000721
65.500000, 399.999307, 100.000693
65.600000, 399.999312, 100.000688
65.700000, 399.999339, 100.000661
65.800000, 399.999344, 100.000656
65.900000, 399.999370, 100.000630
66.000000, 399.999374, 100.000626
66.100000, 399.999399, 100.000601
66.200000, 399.999403, 100.000597
66.300000, 399.999426, 100.000574
66.400000, 399.999431, 100.000569
66.500000, 399.999453, 100.000547
66.600000, 399.999457, 100.000543
66.700000, 399.999478, 100.000522
66.800000, 399.999482, 100.000518
66.900000, 399.999502, 100.000498
67.000000, 399.999506, 100.000494
67.100000, 399.999525, 100.000475
67.200000, 399.999529, 100.000471
67.300000, 399.999547, 100.000453
67.400000, 399.999550, 100.000450
67.500000, 399.999568, 100.000432
67.600000, 399.999571, 100.000429
67.700000, 399.999588, 100.000412
67.800000, 399.999591, 100.000409
67.900000, 399.999607, 100.000393
68.000000, 399.999610, 100.000390
68.100000, 399.999625, 100.000375
68.200000, 399.999628, 100.000372
68.300000, 399.999642, 100.000358
68.400000, 399.999645, 100.000355
68.500000, 399.999659, 100.000341
68.600000, 399.999661, 100.000339
68.700000, 399.999675, 100.000325
68.800000, 399.999677, 100.000323
68.900000, 399.999690, 100.000310
69.000000, 399.999692, 100.000308
69.100000, 399.999704, 100.000296
69.200000, 399.999706, 100.000294
69.300000, 399.999718, 100.000282
69.400000, 399.999720, 100.000280
69.500000, 399.999731, 100.000269
69.600000, 399.999733, 100.000267
69.700000, 399.999743, 100.000257
69.800000, 399.999745, 100.000255
69.900000, 399.999755, 100.000245
70.000000, 399.999757, 100.000243
70.100000, 399.999766, 100.000234
70.200000, 399.999768, 100.000232
70.300000, 399.999777, 100.000223
70.400000, 399.999779, 100.000221
70.500000, 399.999787, 100.000213
70.600000, 399.999789, 100.000211
70.700000, 399.999797, 100.000203
70.800000, 399.999799, 100.000201
70.900000, 399.999806, 100.000194
71.000000, 399.999808, 100.000192
71.100000, 399.999815, 100.000185
71.200000, 399.999817, 100.000183
71.300000, 399.999824, 100.000176
71.400000, 399.999825, 100.000175
71.500000, 399.999832, 100.000168
71.600000, 399.999833, 100.000167
71.700000, 399.999840, 100.000160
71.800000, 399.999841, 100.000159
71.900000, 399.999847, 100.000153
72.000000, 399.999848, 100.000152
72.100000, 399.999854, 100.000146
72.200000, 399.999855, 100.000145
72.300000, 399.999861, 100.000139
72.400000, 399.999862, 100.000138
72.500000, 399.999867, 100.000133
72.600000, 399.999868, 100.000132
72.700000, 399.999873, 100.000127
72.800000, 399.999874, 100.000126
72.900000, 399.999879, 100.000121
73.000000, 399.999880, 100.000120
73.100000, 399.999885, 100.000115
73.200000, 399.999886, 100.000114
73.300000, 399.999890, 100.000110
73.400000, 399.999891, 100.000109
73.500000, 399.999895, 100.000105
73.600000, 399.999896, 100.000104
73.700000, 399.999900, 100.000100
73.800000, 399.999901, 100.000099
73.900000, 399.999905, 100.000095
74.000000, 399.999905, 100.000095
74.100000, 399.999909, 100.000091
74.200000, 399.999910, 100.000090
74.300000, 399.999913, 100.000087
74.400000, 399.999914, 100.000086
74.500000, 399.999917, 100.000083
74.600000, 399.999918, 100.000082
74.700000, 399.999921, 100.000079
74.800000, 399.999922, 100.000078
74.900000, 399.999925, 100.000075
75.000000, 399.999925, 100.000075
75.100000, 399.999928, 100.000072
75.200000, 399.999929, 100.000071
75.300000, 399.999932, 100.000068
75.400000, 399.999932, 100.000068
75.500000, 399.999935, 100.000065
75.600000, 399.999935, 100.000065
75.700000, 399.999938, 100.000062
75.800000, 399.999938, 100.000062
75.900000, 399.999941, 100.000059
76.000000, 399.999941, 100.000059
76.100000, 399.999943, 100.000057
76.200000, 399.999944, 100.000056
76.300000, 399.999946, 100.000054
76.400000, 399.999946, 100.000054
76.500000, 399.999948, 100.000052
76.600000, 399.999949, 100.000051
76.700000, 399.999951, 100.000049
76.800000, 399.999951, 100.000049
76.900000, 399.999953, 100.000047
77.000000, 399.999953, 100.000047
77.100000, 399.999955, 100.000045
77.200000, 399.999956, 100.000044
77.300000, 399.999957, 100.000043
77.400000, 399.999958, 100.000042
77.500000, 399.999959, 100.000041
77.600000, 399.999960, 100.000040
77.700000, 399.999961, 100.000039
77.800000, 399.999961, 100.000039
77.900000, 399.999963, 100.000037
78.000000, 399.999963, 100.000037
78.100000, 399.999965, 100.000035
78.200000, 399.999965, 100.000035
78.300000, 399.999966, 100.000034
78.400000, 399.999967, 100.000033
78.500000, 399.999968, 100.000032
78.600000, 399.999968, 100.000032
78.700000, 399.999969, 100.000031
78.800000, 399.999970, 100.000030
78.900000, 399.999971, 100.000029
79.000000, 399.999971, 100.000029
79.100000, 399.999972, 100.000028
79.200000, 399.999972, 100.000028
79.300000, 399.999973, 100.000027
79.400000, 399.999974, 100.000026
79.500000, 399.999975, 100.000025
79.600000, 399.999975, 100.000025
79.700000, 399.999976, 100.000024
79.800000, 399.999977, 100.000023
79.900000, 399.999978, 100.000022
80.000000, 399.999979, 100.000021
80.100000, 399.999979, 100.000021
80.200000, 399.999980, 100.000020
80.300000, 399.999981, 100.000019
80.400000, 399.999982, 100.000018
80.500000, 399.999982, 100.000018
80.600000, 399.999983, 100.000017
80.700000, 399.999984, 100.000016
80.800000, 399.999984, 100.000016
80.900000, 399.999985, 100.000015
81.000000, 399.999986, 100.000014
81.100000, 399.999986, 100.000014
81.200000, 399.999987, 100.000013
81.300000, 399.999987, 100.000013
81.400000, 399.999988, 100.000012
81.500000, 399.999988, 100.000012
81.600000, 399.999989, 100.000011
81.700000, 399.999989, 100.000011
81.800000, 399.999990, 100.000010
81.900000, 399.999990, 100.000010
82.000000, 399.999990, 100.000010
82.100000, 399.999991, 100.000009
82.200000, 399.999991, 100.000009
82.300000, 399.999991, 100.000009
82.400000, 399.999992, 100.000008
82.500000, 399.999992, 100.000008
82.600000, 399.999992, 100.000008
82.700000, 399.999993, 100.000007
82.800000, 399.999993, 100.000007
82.900000, 399.999993, 100.000007
83.000000, 399.999994, 100.000006
83.100000, 399.999994, 100.000006
83.200000, 399.999994, 100.000006
83.300000, 399.999994, 100.000006
83.400000, 399.999994, 100.000006
83.500000, 399.999995, 100.000005
83.600000, 399.999995, 100.000005
83.700000, 399.999995, 100.000005
83.800000, 399.999995, 100.000005
83.900000, 399.999995, 100.000005
84.000000, 399.999996, 100.000004
84.100000, 399.999996, 100.000004
84.200000, 399.999996, 100.000004
84.300000, 399.999996, 100.000004
84.400000, 399.999996, 100.000004
84.500000, 399.999996, 100.000004
84.600000, 399.999997, 100.000003
84.700000, 399.999997, 100.000003
84.800000, 399.999997, 100.000003
84.900000, 399.999997, 100.000003
85.000000, 399.999997, 100.000003
85.100000, 399.999997, 100.000003
85.200000, 399.999997, 100.000003
85.300000, 399.999997, 100.000003
85.400000, 399.999998, 100.000002
85.500000, 399.999998, 100.000002
85.600000, 399.999998, 100.000002
85.700000, 399.999998, 100.000002
85.800000, 399.999998, 100.000002
85.900000, 399.999998, 100.000002
86.000000, 399.999998, 100.000002
86.100000, 399.999998, 100.000002
86.200000, 399.999998, 100.000002
86.300000, 399.999998, 100.000002
86.400000, 399.999998, 100.000002
86.500000, 399.999998, 100.000002
86.600000, 399.999998, 100.000002
86.700000, 399.999999, 100.000001
86.800000, 399.999999, 100.000001
86.900000, 399.999999, 100.000001
87.000000, 399.999999, 100.000001
87.100000, 399.999999, 100.000001
87.200000, 399.999999, 100.000001
87.300000, 399.999999, 100.000001
87.400000, 399.999999, 100.000001
87.500000, 399.999999, 100.000001
87.600000, 399.999999, 100.000001
87.700000, 399.999999, 100.000001
87.800000, 399.999999, 100.000001
87.900000, 399.999999, 100.000001
88.000000, 399.999999, 100.000001
88.100000, 399.999999, 100.000001
88.200000, 399.999999, 100.000001
88.300000, 399.999999, 100.000001
88.400000, 399.999999, 100.000001
88.500000, 399.999999, 100.000001
88.600000, 399.999999, 100.000001
88.700000, 399.999999, 100.000001
88.800000, 399.999999, 100.000001
88.900000, 399.999999, 100.000001
89.000000, 399.999999, 100.000001
89.100000, 399.999999, 100.000001
89.200000, 399.999999, 100.000001
89.300000, 399.999999, 100.000001
89.400000, 399.999999, 100.000001
89.500000, 400.000000, 100.000000
89.600000, 400.000000, 100.000000
89.700000, 400.000000, 100.000000
89.800000, 400.000000, 100.000000
89.900000, 400.000000, 100.000000
90.000000, 400.000000, 100.000000
90.100000, 400.000000, 100.000000
90.200000, 400.000000, 100.000000
90.300000, 400.000000, 100.000000
90.400000, 400.000000, 100.000000
90.500000, 400.000000, 100.000000
90.600000, 400.000000, 100.000000
90.700000, 400.000000, 100.000000
90.800000, 400.000000, 100.000000
90.900000, 400.000000, 100.000000
91.000000, 400.000000, 100.000000
91.100000, 400.000000, 100.000000
91.200000, 400.000000, 100.000000
91.300000, 400.000000, 100.000000
91.400000, 400.000000, 100.000000
91.500000, 400.000000, 100.000000
91.600000, 400.000000, 100.000000
91.700000, 400.000000, 100.000000
91.800000, 400.000000, 100.000000
91.900000, 400.000000, 100.000000
92.000000, 400.000000, 100.000000
92.100000, 400.000000, 100.000000
92.200000, 400.000000, 100.000000
92.300000, 400.000000, 100.000000
92.400000, 400.000000, 100.000000
92.500000, 400.000000, 100.000000
92.600000, 400.000000, 100.000000
92.700000, 400.000000, 100.000000
92.800000, 400.000000, 100.000000
92.900000, 400.000000, 100.000000
93.000000, 400.000000, 100.000000
93.100000, 400.000000, 100.000000
93.200000, 400.000000, 100.000000
93.300000, 400.000000, 100.000000
93.400000, 400.000000, 100.000000
93.500000, 400.000000, 100.000000
93.600000, 400.000000, 100.000000
93.700000, 400.000000, 100.000000
93.800000, 400.000000, 100.000000
93.900000, 400.000000, 100.000000
94.000000, 400.000000, 100.000000
94.100000, 400.000000, 100.000000
94.200000, 400.000000, 100.000000
94.300000, 400.000000, 100.000000
94.400000, 400.000000, 100.000000
94.500000, 400.000000, 100.000000
94.600000, 400.000000, 100.000000
94.700000, 400.000000, 100.000000
94.800000, 400.000000, 100.000000
94.900000, 400.000000, 100.000000
95.000000, 400.000000, 100.000000
95.100000, 400.000000, 100.000000
95.200000, 400.000000, 100.000000
95.300000, 400.000000, 100.000000
95.400000, 400.000000, 100.000000
95.500000, 400.000000, 100.000000
95.600000, 400.000000, 100.000000
95.700000, 400.000000, 100.000000
95.800000, 400.000000, 100.000000
95.900000, 400.000000, 100.000000
96.000000, 400.000000, 100.000000
96.100000, 400.000000, 100.000000
96.200000, 400.000000, 100.000000
96.300000, 400.000000, 100.000000
96.400000, 400.000000, 100.000000
96.500000, 400.000000, 100.000000
96.600000, 400.000000, 100.000000
96.700000, 400.000000, 100.000000
96.800000, 400.000000, 100.000000
96.900000, 400.000000, 100.000000
97.000000, 400.000000, 100.000000
97.100000, 400.000000, 100.000000
97.200000, 400.000000, 100.000000
97.300000, 400.000000, 100.000000
97.400000, 400.000000, 100.000000
97.500000, 400.000000, 100.000000
97.600000, 400.000000, 100.000000
97.700000, 400.000000, 100.000000
97.800000, 400.000000, 100.000000
97.900000, 400.000000, 100.000000
98.000000, 400.000000, 100.000000
98.100000, 400.000000, 100.000000
98.200000, 400.000000, 100.000000
98.300000, 400.000000, 100.000000
98.400000, 400.000000, 100.000000
98.500000, 400.000000, 100.000000
98.600000, 400.000000, 100.000000
98.700000, 400.000000, 100.000000
98.800000, 400.000000, 100.000000
98.900000, 400.000000, 100.000000
99.000000, 400.000000, 100.000000
99.100000, 400.000000, 100.000000
99.200000, 400.000000, 100.000000
99.300000, 400.000000, 100.000000
99.400000, 400.000000, 100.000000
99.500000, 400.000000, 100.000000
99.600000, 400.000000, 100.000000
99.700000, 400.000000, 100.000000
99.800000, 400.000000, 100.000000
99.900000, 400.000000, 100.000000
100.000000, 400.000000, 100.000000
