1.040710, 498.959290, 0.000000
1.083073, 498.916927, 0.100000
1.127156, 498.872844, 0.200000
1.173027, 498.826973, 0.300000
1.220760, 498.779240, 0.400000
1.270428, 498.729572, 0.500000
1.322111, 498.677889, 0.600000
1.375889, 498.624111, 0.700000
1.431847, 498.568153, 0.800000
1.490072, 498.509928, 0.900000
1.550655, 498.449345, 1.000000
1.613692, 498.386308, 1.100000
1.679281, 498.320719, 1.200000
1.747523, 498.252477, 1.300000
1.818526, 498.181474, 1.400000
1.892401, 498.107599, 1.500000
1.969261, 498.030739, 1.600000
2.049228, 497.950772, 1.700000
2.132424, 497.867576, 1.800000
2.218978, 497.781022, 1.900000
2.309026, 497.690974, 2.000000
2.402706, 497.597294, 2.100000
2.500163, 497.499837, 2.200000
2.601546, 497.398454, 2.300000
2.707013, 497.292987, 2.400000
2.816726, 497.183274, 2.500000
2.930852, 497.069148, 2.600000
3.049566, 496.950434, 2.700000
3.173051, 496.826949, 2.800000
3.301494, 496.698506, 2.900000
3.435092, 496.564908, 3.000000
3.574047, 496.425953, 3.100000
3.718570, 496.281430, 3.200000
3.868881, 496.131119, 3.300000
4.025205, 495.974795, 3.400000
4.187779, 495.812221, 3.500000
4.356847, 495.643153, 3.600000
4.532662, 495.467338, 3.700000
4.715488, 495.284512, 3.800000
4.905597, 495.094403, 3.900000
5.103270, 494.896730, 4.000000
5.308803, 494.691197, 4.100000
5.522497, 494.477503, 4.200000
5.744668, 494.255332, 4.300000
5.975641, 494.024359, 4.400000
6.215755, 493.784245, 4.500000
6.465358, 493.534642, 4.600000
6.724814, 493.275186, 4.700000
6.994496, 493.005504, 4.800000
7.274794, 492.725206, 4.900000
7.566108, 492.433892, 5.000000
7.868853, 492.131147, 5.100000
8.183460, 491.816540, 5.200000
8.510372, 491.489628, 5.300000
8.850049, 491.149951, 5.400000
9.202964, 490.797036, 5.500000
9.569609, 490.430391, 5.600000
9.950489, 490.049511, 5.700000
10.346126, 489.653874, 5.800000
10.757061, 489.242939, 5.900000
11.183848, 488.816152, 6.000000
11.627063, 488.372937, 6.100000
12.087296, 487.912704, 6.200000
12.565157, 487.434843, 6.300000
13.061274, 486.938726, 6.400000
13.576293, 486.423707, 6.500000
14.110879, 485.889121, 6.600000
14.665717, 485.334283, 6.700000
15.241508, 484.758492, 6.800000
15.838977, 484.161023, 6.900000
16.458865, 483.541135, 7.000000
17.101933, 482.898067, 7.100000
17.768962, 482.231038, 7.200000
18.460754, 481.539246, 7.300000
19.178127, 480.821873, 7.400000
19.921922, 480.078078, 7.500000
20.692996, 479.307004, 7.600000
21.492226, 478.507774, 7.700000
22.320509, 477.679491, 7.800000
23.178758, 476.821242, 7.900000
24.067905, 475.932095, 8.000000
24.988898, 475.011102, 8.100000
25.942702, 474.057298, 8.200000
26.930298, 473.069702, 8.300000
27.952627, 472.047373, 8.400000
29.010746, 470.989254, 8.500000
30.105675, 469.894325, 8.600000
31.238448, 468.761552, 8.700000
32.410106, 467.589894, 8.800000
33.621701, 466.378299, 8.900000
34.874289, 465.125711, 9.000000
36.168933, 463.831067, 9.100000
37.506698, 462.493302, 9.200000
38.888651, 461.111349, 9.300000
40.315857, 459.684143, 9.400000
41.789375, 458.210625, 9.500000
43.310262, 456.689738, 9.600000
44.879560, 455.120440, 9.700000
46.498304, 453.501696, 9.800000
48.167510, 451.832490, 9.900000
49.888177, 450.111823, 10.000000
51.661280, 448.338720, 10.100000
53.487770, 446.512230, 10.200000
55.368566, 444.631434, 10.300000
57.304554, 442.695446, 10.400000
59.296582, 440.703418, 10.500000
61.345455, 438.654545, 10.600000
63.451932, 436.548068, 10.700000
65.616720, 434.383280, 10.800000
67.840469, 432.159531, 10.900000
70.123771, 429.876229, 11.000000
72.467147, 427.532853, 11.100000
74.871053, 425.128947, 11.200000
77.335866, 422.664134, 11.300000
79.861883, 420.138117, 11.400000
82.449317, 417.550683, 11.500000
85.098289, 414.901711, 11.600000
87.808825, 412.191175, 11.700000
90.580855, 409.419145, 11.800000
93.414201, 406.585799, 11.900000
96.308579, 403.691421, 12.000000
99.263592, 400.736408, 12.100000
102.278728, 397.721272, 12.200000
105.353357, 394.646643, 12.300000
108.486723, 391.513277, 12.400000
111.677950, 388.322050, 12.500000
114.926032, 385.073968, 12.600000
118.229835, 381.770165, 12.700000
121.588096, 378.411904, 12.800000
124.999420, 375.000580, 12.900000
128.462283, 371.537717, 13.000000
131.975031, 368.024969, 13.100000
135.535880, 364.464120, 13.200000
139.142920, 360.857080, 13.300000
142.794115, 357.205885, 13.400000
146.487309, 353.512691, 13.500000
150.220227, 349.779773, 13.600000
153.990482, 346.009518, 13.700000
157.795578, 342.204422, 13.800000
161.632915, 338.367085, 13.900000
165.499801, 334.500199, 14.000000
169.393449, 330.606551, 14.100000
173.310996, 326.689004, 14.200000
177.249502, 322.750498, 14.300000
181.205962, 318.794038, 14.400000
185.177315, 314.822685, 14.500000
189.160455, 310.839545, 14.600000
193.152236, 306.847764, 14.700000
197.149485, 302.850515, 14.800000
201.149012, 298.850988, 14.900000
205.147622, 294.852378, 15.000000
209.142118, 290.857882, 15.100000
213.129320, 286.870680, 15.200000
217.106070, 282.893930, 15.300000
221.069243, 278.930757, 15.400000
225.015758, 274.984242, 15.500000
228.942585, 271.057415, 15.600000
232.846756, 267.153244, 15.700000
236.725373, 263.274627, 15.800000
240.575616, 259.424384, 15.900000
244.394753, 255.605247, 16.000000
248.180142, 251.819858, 16.100000
251.929243, 248.070757, 16.200000
255.639622, 244.360378, 16.300000
259.308956, 240.691044, 16.400000
262.935038, 237.064962, 16.500000
266.515779, 233.484221, 16.600000
270.049217, 229.950783, 16.700000
273.533514, 226.466486, 16.800000
276.966959, 223.033041, 16.900000
280.347974, 219.652026, 17.000000
283.675108, 216.324892, 17.100000
286.947042, 213.052958, 17.200000
290.162588, 209.837412, 17.300000
293.320686, 206.679314, 17.400000
296.420404, 203.579596, 17.500000
299.460935, 200.539065, 17.600000
302.441597, 197.558403, 17.700000
305.361827, 194.638173, 17.800000
308.221181, 191.778819, 17.900000
311.019325, 188.980675, 18.000000
313.756038, 186.243962, 18.100000
316.431205, 183.568795, 18.200000
319.044811, 180.955189, 18.300000
321.596937, 178.403063, 18.400000
324.087757, 175.912243, 18.500000
326.517534, 173.482466, 18.600000
328.886612, 171.113388, 18.700000
331.195412, 168.804588, 18.800000
333.444430, 166.555570, 18.900000
335.634227, 164.365773, 19.000000
337.765429, 162.234571, 19.100000
339.838720, 160.161280, 19.200000
341.854837, 158.145163, 19.300000
343.814566, 156.185434, 19.400000
345.718737, 154.281263, 19.500000
347.568220, 152.431780, 19.600000
349.363922, 150.636078, 19.700000
351.106780, 148.893220, 19.800000
352.797759, 147.202241, 19.900000
354.437849, 145.562151, 20.000000
356.028059, 143.971941, 20.100000
357.569415, 142.430585, 20.200000
359.062958, 140.937042, 20.300000
360.509738, 139.490262, 20.400000
361.910814, 138.089186, 20.500000
363.267248, 136.732752, 20.600000
364.580108, 135.419892, 20.700000
365.850459, 134.149541, 20.800000
367.079364, 132.920636, 20.900000
368.267884, 131.732116, 21.000000
369.417073, 130.582927, 21.100000
370.527976, 129.472024, 21.200000
371.601631, 128.398369, 21.300000
372.639063, 127.360937, 21.400000
373.641285, 126.358715, 21.500000
374.609346, 125.390654, 21.600000
375.544181, 124.455819, 21.700000
376.446761, 123.553239, 21.800000
377.318041, 122.681959, 21.900000
378.158961, 121.841039, 22.000000
378.970443, 121.029557, 22.100000
379.753388, 120.246612, 22.200000
380.508684, 119.491316, 22.300000
381.237195, 118.762805, 22.400000
381.939769, 118.060231, 22.500000
382.617236, 117.382764, 22.600000
383.270402, 116.729598, 22.700000
383.900058, 116.099942, 22.800000
384.506974, 115.493026, 22.900000
385.091900, 114.908100, 23.000000
385.655565, 114.344435, 23.100000
386.198683, 113.801317, 23.200000
386.721945, 113.278055, 23.300000
387.226024, 112.773976, 23.400000
387.711575, 112.288425, 23.500000
388.179233, 111.820767, 23.600000
388.629616, 111.370384, 23.700000
389.063321, 110.936679, 23.800000
389.480932, 110.519068, 23.900000
389.883011, 110.116989, 24.000000
390.270105, 109.729895, 24.100000
390.642743, 109.357257, 24.200000
391.001440, 108.998560, 24.300000
391.346690, 108.653310, 24.400000
391.678976, 108.321024, 24.500000
391.998764, 108.001236, 24.600000
392.306503, 107.693497, 24.700000
392.602629, 107.397371, 24.800000
392.887564, 107.112436, 24.900000
393.161715, 106.838285, 25.000000
393.425475, 106.574525, 25.100000
393.679225, 106.320775, 25.200000
393.923333, 106.076667, 25.300000
394.158154, 105.841846, 25.400000
394.384029, 105.615971, 25.500000
394.601291, 105.398709, 25.600000
394.810258, 105.189742, 25.700000
395.011239, 104.988761, 25.800000
395.204531, 104.795469, 25.900000
395.390422, 104.609578, 26.000000
395.569187, 104.430813, 26.100000
395.741094, 104.258906, 26.200000
395.906401, 104.093599, 26.300000
396.065355, 103.934645, 26.400000
396.218196, 103.781804, 26.500000
396.365155, 103.634845, 26.600000
396.506453, 103.493547, 26.700000
396.642304, 103.357696, 26.800000
396.772917, 103.227083, 26.900000
396.898488, 103.101512, 27.000000
397.019209, 102.980791, 27.100000
397.135266, 102.864734, 27.200000
397.246835, 102.753165, 27.300000
397.354088, 102.645912, 27.400000
397.457190, 102.542810, 27.500000
397.556299, 102.443701, 27.600000
397.651567, 102.348433, 27.700000
397.743143, 102.256857, 27.800000
397.831167, 102.168833, 27.900000
397.915777, 102.084223, 28.000000
397.997102, 102.002898, 28.100000
398.075269, 101.924731, 28.200000
398.150399, 101.849601, 28.300000
398.222610, 101.777390, 28.400000
398.292014, 101.707986, 28.500000
398.358719, 101.641281, 28.600000
398.422829, 101.577171, 28.700000
398.484445, 101.515555, 28.800000
398.543662, 101.456338, 28.900000
398.600574, 101.399426, 29.000000
398.655269, 101.344731, 29.100000
398.707833, 101.292167, 29.200000
398.758349, 101.241651, 29.300000
398.806896, 101.193104, 29.400000
398.853550, 101.146450, 29.500000
398.898385, 101.101615, 29.600000
398.941471, 101.058529, 29.700000
398.982877, 101.017123, 29.800000
399.022666, 100.977334, 29.900000
399.060903, 100.939097, 30.000000
399.097647, 100.902353, 30.100000
399.132957, 100.867043, 30.200000
399.166888, 100.833112, 30.300000
399.199494, 100.800506, 30.400000
399.230826, 100.769174, 30.500000
399.260934, 100.739066, 30.600000
399.289865, 100.710135, 30.700000
399.317666, 100.682334, 30.800000
399.344380, 100.655620, 30.900000
399.370050, 100.629950, 31.000000
399.394717, 100.605283, 31.100000
399.418419, 100.581581, 31.200000
399.441194, 100.558806, 31.300000
399.463079, 100.536921, 31.400000
399.484107, 100.515893, 31.500000
399.504313, 100.495687, 31.600000
399.523729, 100.476271, 31.700000
399.542385, 100.457615, 31.800000
399.560311, 100.439689, 31.900000
399.577535, 100.422465, 32.000000
399.594086, 100.405914, 32.100000
399.609988, 100.390012, 32.200000
399.625269, 100.374731, 32.300000
399.639951, 100.360049, 32.400000
399.654058, 100.345942, 32.500000
399.667613, 100.332387, 32.600000
399.680638, 100.319362, 32.700000
399.693152, 100.306848, 32.800000
399.705176, 100.294824, 32.900000
399.716730, 100.283270, 33.000000
399.727831, 100.272169, 33.100000
399.738497, 100.261503, 33.200000
399.748746, 100.251254, 33.300000
399.758593, 100.241407, 33.400000
399.768055, 100.231945, 33.500000
399.777145, 100.222855, 33.600000
399.785880, 100.214120, 33.700000
399.794273, 100.205727, 33.800000
399.802336, 100.197664, 33.900000
399.810084, 100.189916, 34.000000
399.817528, 100.182472, 34.100000
399.824681, 100.175319, 34.200000
399.831553, 100.168447, 34.300000
399.838157, 100.161843, 34.400000
399.844501, 100.155499, 34.500000
399.850597, 100.149403, 34.600000
399.856453, 100.143547, 34.700000
399.862081, 100.137919, 34.800000
399.867488, 100.132512, 34.900000
399.872682, 100.127318, 35.000000
399.877674, 100.122326, 35.100000
399.882470, 100.117530, 35.200000
399.887077, 100.112923, 35.300000
399.891504, 100.108496, 35.400000
399.895758, 100.104242, 35.500000
399.899845, 100.100155, 35.600000
399.903772, 100.096228, 35.700000
399.907544, 100.092456, 35.800000
399.911169, 100.088831, 35.900000
399.914652, 100.085348, 36.000000
399.917998, 100.082002, 36.100000
399.921214, 100.078786, 36.200000
399.924303, 100.075697, 36.300000
399.927271, 100.072729, 36.400000
399.930122, 100.069878, 36.500000
399.932862, 100.067138, 36.600000
399.935495, 100.064505, 36.700000
399.938024, 100.061976, 36.800000
399.940454, 100.059546, 36.900000
399.942789, 100.057211, 37.000000
399.945032, 100.054968, 37.100000
399.947187, 100.052813, 37.200000
399.949258, 100.050742, 37.300000
399.951248, 100.048752, 37.400000
399.953159, 100.046841, 37.500000
399.954996, 100.045004, 37.600000
399.956761, 100.043239, 37.700000
399.958456, 100.041544, 37.800000
399.960085, 100.039915, 37.900000
399.961650, 100.038350, 38.000000
399.963154, 100.036846, 38.100000
399.964599, 100.035401, 38.200000
399.965987, 100.034013, 38.300000
399.967321, 100.032679, 38.400000
399.968602, 100.031398, 38.500000
399.969833, 100.030167, 38.600000
399.971016, 100.028984, 38.700000
399.972153, 100.027847, 38.800000
399.973245, 100.026755, 38.900000
399.974294, 100.025706, 39.000000
399.975302, 100.024698, 39.100000
399.976270, 100.023730, 39.200000
399.977201, 100.022799, 39.300000
399.978095, 100.021905, 39.400000
399.978954, 100.021046, 39.500000
399.979779, 100.020221, 39.600000
399.980572, 100.019428, 39.700000
399.981334, 100.018666, 39.800000
399.982066, 100.017934, 39.900000
399.982769, 100.017231, 40.000000
399.983445, 100.016555, 40.100000
399.984094, 100.015906, 40.200000
399.984718, 100.015282, 40.300000
399.985317, 100.014683, 40.400000
399.985893, 100.014107, 40.500000
399.986446, 100.013554, 40.600000
399.986978, 100.013022, 40.700000
399.987488, 100.012512, 40.800000
399.987979, 100.012021, 40.900000
399.988450, 100.011550, 41.000000
399.988903, 100.011097, 41.100000
399.989338, 100.010662, 41.200000
399.989757, 100.010243, 41.300000
399.990158, 100.009842, 41.400000
399.990544, 100.009456, 41.500000
399.990915, 100.009085, 41.600000
399.991271, 100.008729, 41.700000
399.991614, 100.008386, 41.800000
399.991942, 100.008058, 41.900000
399.992258, 100.007742, 42.000000
399.992562, 100.007438, 42.100000
399.992854, 100.007146, 42.200000
399.993134, 100.006866, 42.300000
399.993403, 100.006597, 42.400000
399.993662, 100.006338, 42.500000
399.993910, 100.006090, 42.600000
399.994149, 100.005851, 42.700000
399.994379, 100.005621, 42.800000
399.994599, 100.005401, 42.900000
399.994811, 100.005189, 43.000000
399.995014, 100.004986, 43.100000
399.995210, 100.004790, 43.200000
399.995398, 100.004602, 43.300000
399.995578, 100.004422, 43.400000
399.995752, 100.004248, 43.500000
399.995918, 100.004082, 43.600000
399.996078, 100.003922, 43.700000
399.996232, 100.003768, 43.800000
399.996380, 100.003620, 43.900000
399.996522, 100.003478, 44.000000
399.996658, 100.003342, 44.100000
399.996789, 100.003211, 44.200000
399.996915, 100.003085, 44.300000
399.997036, 100.002964, 44.400000
399.997152, 100.002848, 44.500000
399.997264, 100.002736, 44.600000
399.997371, 100.002629, 44.700000
399.997474, 100.002526, 44.800000
399.997573, 100.002427, 44.900000
399.997669, 100.002331, 45.000000
399.997760, 100.002240, 45.100000
399.997848, 100.002152, 45.200000
399.997932, 100.002068, 45.300000
399.998013, 100.001987, 45.400000
399.998091, 100.001909, 45.500000
399.998166, 100.001834, 45.600000
399.998238, 100.001762, 45.700000
399.998307, 100.001693, 45.800000
399.998374, 100.001626, 45.900000
399.998437, 100.001563, 46.000000
399.998499, 100.001501, 46.100000
399.998557, 100.001443, 46.200000
399.998614, 100.001386, 46.300000
399.998668, 100.001332, 46.400000
399.998721, 100.001279, 46.500000
399.998771, 100.001229, 46.600000
399.998819, 100.001181, 46.700000
399.998865, 100.001135, 46.800000
399.998910, 100.001090, 46.900000
399.998953, 100.001047, 47.000000
399.998994, 100.001006, 47.100000
399.999033, 100.000967, 47.200000
399.999071, 100.000929, 47.300000
399.999107, 100.000893, 47.400000
399.999142, 100.000858, 47.500000
399.999176, 100.000824, 47.600000
399.999208, 100.000792, 47.700000
399.999239, 100.000761, 47.800000
399.999269, 100.000731, 47.900000
399.999298, 100.000702, 48.000000
399.999325, 100.000675, 48.100000
399.999352, 100.000648, 48.200000
399.999377, 100.000623, 48.300000
399.999402, 100.000598, 48.400000
399.999425, 100.000575, 48.500000
399.999448, 100.000552, 48.600000
399.999469, 100.000531, 48.700000
399.999490, 100.000510, 48.800000
399.999510, 100.000490, 48.900000
399.999529, 100.000471, 49.000000
399.999548, 100.000452, 49.100000
399.999566, 100.000434, 49.200000
399.999583, 100.000417, 49.300000
399.999599, 100.000401, 49.400000
399.999615, 100.000385, 49.500000
399.999630, 100.000370, 49.600000
399.999644, 100.000356, 49.700000
399.999658, 100.000342, 49.800000
399.999672, 100.000328, 49.900000
399.999685, 100.000315, 50.000000
399.999697, 100.000303, 50.100000
399.999709, 100.000291, 50.200000
399.999720, 100.000280, 50.300000
399.999731, 100.000269, 50.400000
399.999742, 100.000258, 50.500000
399.999752, 100.000248, 50.600000
399.999762, 100.000238, 50.700000
399.999771, 100.000229, 50.800000
399.999780, 100.000220, 50.900000
399.999789, 100.000211, 51.000000
399.999797, 100.000203, 51.100000
399.999805, 100.000195, 51.200000
399.999812, 100.000188, 51.300000
399.999820, 100.000180, 51.400000
399.999827, 100.000173, 51.500000
399.999834, 100.000166, 51.600000
399.999840, 100.000160, 51.700000
399.999846, 100.000154, 51.800000
399.999852, 100.000148, 51.900000
399.999858, 100.000142, 52.000000
399.999864, 100.000136, 52.100000
399.999869, 100.000131, 52.200000
399.999874, 100.000126, 52.300000
399.999879, 100.000121, 52.400000
399.999884, 100.000116, 52.500000
399.999889, 100.000111, 52.600000
399.999893, 100.000107, 52.700000
399.999897, 100.000103, 52.800000
399.999901, 100.000099, 52.900000
399.999905, 100.000095, 53.000000
399.999909, 100.000091, 53.100000
399.999912, 100.000088, 53.200000
399.999916, 100.000084, 53.300000
399.999919, 100.000081, 53.400000
399.999922, 100.000078, 53.500000
399.999925, 100.000075, 53.600000
399.999928, 100.000072, 53.700000
399.999931, 100.000069, 53.800000
399.999934, 100.000066, 53.900000
399.999936, 100.000064, 54.000000
399.999939, 100.000061, 54.100000
399.999941, 100.000059, 54.200000
399.999944, 100.000056, 54.300000
399.999946, 100.000054, 54.400000
399.999948, 100.000052, 54.500000
399.999950, 100.000050, 54.600000
399.999952, 100.000048, 54.700000
399.999954, 100.000046, 54.800000
399.999956, 100.000044, 54.900000
399.999957, 100.000043, 55.000000
399.999959, 100.000041, 55.100000
399.999961, 100.000039, 55.200000
399.999962, 100.000038, 55.300000
399.999964, 100.000036, 55.400000
399.999965, 100.000035, 55.500000
399.999966, 100.000034, 55.600000
399.999968, 100.000032, 55.700000
399.999969, 100.000031, 55.800000
399.999970, 100.000030, 55.900000
399.999971, 100.000029, 56.000000
399.999973, 100.000027, 56.100000
399.999974, 100.000026, 56.200000
399.999975, 100.000025, 56.300000
399.999976, 100.000024, 56.400000
399.999977, 100.000023, 56.500000
399.999977, 100.000023, 56.600000
399.999978, 100.000022, 56.700000
399.999979, 100.000021, 56.800000
399.999980, 100.000020, 56.900000
399.999981, 100.000019, 57.000000
399.999982, 100.000018, 57.100000
399.999982, 100.000018, 57.200000
399.999983, 100.000017, 57.300000
399.999984, 100.000016, 57.400000
399.999984, 100.000016, 57.500000
399.999985, 100.000015, 57.600000
399.999986, 100.000014, 57.700000
399.999986, 100.000014, 57.800000
399.999987, 100.000013, 57.900000
399.999987, 100.000013, 58.000000
399.999988, 100.000012, 58.100000
399.999988, 100.000012, 58.200000
399.999989, 100.000011, 58.300000
399.999989, 100.000011, 58.400000
399.999989, 100.000011, 58.500000
399.999990, 100.000010, 58.600000
399.999990, 100.000010, 58.700000
399.999991, 100.000009, 58.800000
399.999991, 100.000009, 58.900000
399.999991, 100.000009, 59.000000
399.999992, 100.000008, 59.100000
399.999992, 100.000008, 59.200000
399.999992, 100.000008, 59.300000
399.999993, 100.000007, 59.400000
399.999993, 100.000007, 59.500000
399.999993, 100.000007, 59.600000
399.999993, 100.000007, 59.700000
399.999994, 100.000006, 59.800000
399.999994, 100.000006, 59.900000
399.999994, 100.000006, 60.000000
399.999994, 100.000006, 60.100000
399.999995, 100.000005, 60.200000
399.999995, 100.000005, 60.300000
399.999995, 100.000005, 60.400000
399.999995, 100.000005, 60.500000
399.999995, 100.000005, 60.600000
399.999996, 100.000004, 60.700000
399.999996, 100.000004, 60.800000
399.999996, 100.000004, 60.900000
399.999996, 100.000004, 61.000000
399.999996, 100.000004, 61.100000
399.999996, 100.000004, 61.200000
399.999997, 100.000003, 61.300000
399.999997, 100.000003, 61.400000
399.999997, 100.000003, 61.500000
399.999997, 100.000003, 61.600000
399.999997, 100.000003, 61.700000
399.999997, 100.000003, 61.800000
399.999997, 100.000003, 61.900000
399.999997, 100.000003, 62.000000
399.999998, 100.000002, 62.100000
399.999998, 100.000002, 62.200000
399.999998, 100.000002, 62.300000
399.999998, 100.000002, 62.400000
399.999998, 100.000002, 62.500000
399.999998, 100.000002, 62.600000
399.999998, 100.000002, 62.700000
399.999998, 100.000002, 62.800000
399.999998, 100.000002, 62.900000
399.999998, 100.000002, 63.000000
399.999998, 100.000002, 63.100000
399.999998, 100.000002, 63.200000
399.999998, 100.000002, 63.300000
399.999999, 100.000001, 63.400000
399.999999, 100.000001, 63.500000
399.999999, 100.000001, 63.600000
399.999999, 100.000001, 63.700000
399.999999, 100.000001, 63.800000
399.999999, 100.000001, 63.900000
399.999999, 100.000001, 64.000000
399.999999, 100.000001, 64.100000
399.999999, 100.000001, 64.200000
399.999999, 100.000001, 64.300000
399.999999, 100.000001, 64.400000
399.999999, 100.000001, 64.500000
399.999999, 100.000001, 64.600000
399.999999, 100.000001, 64.700000
399.999999, 100.000001, 64.800000
399.999999, 100.000001, 64.900000
399.999999, 100.000001, 65.000000
399.999999, 100.000001, 65.100000
399.999999, 100.000001, 65.200000
399.999999, 100.000001, 65.300000
399.999999, 100.000001, 65.400000
399.999999, 100.000001, 65.500000
399.999999, 100.000001, 65.600000
399.999999, 100.000001, 65.700000
399.999999, 100.000001, 65.800000
399.999999, 100.000001, 65.900000
399.999999, 100.000001, 66.000000
399.999999, 100.000001, 66.100000
400.000000, 100.000000, 66.200000
400.000000, 100.000000, 66.300000
400.000000, 100.000000, 66.400000
400.000000, 100.000000, 66.500000
400.000000, 100.000000, 66.600000
400.000000, 100.000000, 66.700000
400.000000, 100.000000, 66.800000
400.000000, 100.000000, 66.900000
400.000000, 100.000000, 67.000000
400.000000, 100.000000, 67.100000
400.000000, 100.000000, 67.200000
400.000000, 100.000000, 67.300000
400.000000, 100.000000, 67.400000
400.000000, 100.000000, 67.500000
400.000000, 100.000000, 67.600000
400.000000, 100.000000, 67.700000
400.000000, 100.000000, 67.800000
400.000000, 100.000000, 67.900000
400.000000, 100.000000, 68.000000
400.000000, 100.000000, 68.100000
400.000000, 100.000000, 68.200000
400.000000, 100.000000, 68.300000
400.000000, 100.000000, 68.400000
400.000000, 100.000000, 68.500000
400.000000, 100.000000, 68.600000
400.000000, 100.000000, 68.700000
400.000000, 100.000000, 68.800000
400.000000, 100.000000, 68.900000
400.000000, 100.000000, 69.000000
400.000000, 100.000000, 69.100000
400.000000, 100.000000, 69.200000
400.000000, 100.000000, 69.300000
400.000000, 100.000000, 69.400000
400.000000, 100.000000, 69.500000
400.000000, 100.000000, 69.600000
400.000000, 100.000000, 69.700000
400.000000, 100.000000, 69.800000
400.000000, 100.000000, 69.900000
400.000000, 100.000000, 70.000000
400.000000, 100.000000, 70.100000
400.000000, 100.000000, 70.200000
400.000000, 100.000000, 70.300000
400.000000, 100.000000, 70.400000
400.000000, 100.000000, 70.500000
400.000000, 100.000000, 70.600000
400.000000, 100.000000, 70.700000
400.000000, 100.000000, 70.800000
400.000000, 100.000000, 70.900000
400.000000, 100.000000, 71.000000
400.000000, 100.000000, 71.100000
400.000000, 100.000000, 71.200000
400.000000, 100.000000, 71.300000
400.000000, 100.000000, 71.400000
400.000000, 100.000000, 71.500000
400.000000, 100.000000, 71.600000
400.000000, 100.000000, 71.700000
400.000000, 100.000000, 71.800000
400.000000, 100.000000, 71.900000
400.000000, 100.000000, 72.000000
400.000000, 100.000000, 72.100000
400.000000, 100.000000, 72.200000
400.000000, 100.000000, 72.300000
400.000000, 100.000000, 72.400000
400.000000, 100.000000, 72.500000
400.000000, 100.000000, 72.600000
400.000000, 100.000000, 72.700000
400.000000, 100.000000, 72.800000
400.000000, 100.000000, 72.900000
400.000000, 100.000000, 73.000000
400.000000, 100.000000, 73.100000
400.000000, 100.000000, 73.200000
400.000000, 100.000000, 73.300000
400.000000, 100.000000, 73.400000
400.000000, 100.000000, 73.500000
400.000000, 100.000000, 73.600000
400.000000, 100.000000, 73.700000
400.000000, 100.000000, 73.800000
400.000000, 100.000000, 73.900000
400.000000, 100.000000, 74.000000
400.000000, 100.000000, 74.100000
400.000000, 100.000000, 74.200000
400.000000, 100.000000, 74.300000
400.000000, 100.000000, 74.400000
400.000000, 100.000000, 74.500000
400.000000, 100.000000, 74.600000
400.000000, 100.000000, 74.700000
400.000000, 100.000000, 74.800000
400.000000, 100.000000, 74.900000
400.000000, 100.000000, 75.000000
400.000000, 100.000000, 75.100000
400.000000, 100.000000, 75.200000
400.000000, 100.000000, 75.300000
400.000000, 100.000000, 75.400000
400.000000, 100.000000, 75.500000
400.000000, 100.000000, 75.600000
400.000000, 100.000000, 75.700000
400.000000, 100.000000, 75.800000
400.000000, 100.000000, 75.900000
400.000000, 100.000000, 76.000000
400.000000, 100.000000, 76.100000
400.000000, 100.000000, 76.200000
400.000000, 100.000000, 76.300000
400.000000, 100.000000, 76.400000
400.000000, 100.000000, 76.500000
400.000000, 100.000000, 76.600000
400.000000, 100.000000, 76.700000
400.000000, 100.000000, 76.800000
400.000000, 100.000000, 76.900000
400.000000, 100.000000, 77.000000
400.000000, 100.000000, 77.100000
400.000000, 100.000000, 77.200000
400.000000, 100.000000, 77.300000
400.000000, 100.000000, 77.400000
400.000000, 100.000000, 77.500000
400.000000, 100.000000, 77.600000
400.000000, 100.000000, 77.700000
400.000000, 100.000000, 77.800000
400.000000, 100.000000, 77.900000
400.000000, 100.000000, 78.000000
400.000000, 100.000000, 78.100000
400.000000, 100.000000, 78.200000
400.000000, 100.000000, 78.300000
400.000000, 100.000000, 78.400000
400.000000, 100.000000, 78.500000
400.000000, 100.000000, 78.600000
400.000000, 100.000000, 78.700000
400.000000, 100.000000, 78.800000
400.000000, 100.000000, 78.900000
400.000000, 100.000000, 79.000000
400.000000, 100.000000, 79.100000
400.000000, 100.000000, 79.200000
400.000000, 100.000000, 79.300000
400.000000, 100.000000, 79.400000
400.000000, 100.000000, 79.500000
400.000000, 100.000000, 79.600000
400.000000, 100.000000, 79.700000
400.000000, 100.000000, 79.800000
400.000000, 100.000000, 79.900000
400.000000, 100.000000, 80.000000
400.000000, 100.000000, 80.100000
400.000000, 100.000000, 80.200000
400.000000, 100.000000, 80.300000
400.000000, 100.000000, 80.400000
400.000000, 100.000000, 80.500000
400.000000, 100.000000, 80.600000
400.000000, 100.000000, 80.700000
400.000000, 100.000000, 80.800000
400.000000, 100.000000, 80.900000
400.000000, 100.000000, 81.000000
400.000000, 100.000000, 81.100000
400.000000, 100.000000, 81.200000
400.000000, 100.000000, 81.300000
400.000000, 100.000000, 81.400000
400.000000, 100.000000, 81.500000
400.000000, 100.000000, 81.600000
400.000000, 100.000000, 81.700000
400.000000, 100.000000, 81.800000
400.000000, 100.000000, 81.900000
400.000000, 100.000000, 82.000000
400.000000, 100.000000, 82.100000
400.000000, 100.000000, 82.200000
400.000000, 100.000000, 82.300000
400.000000, 100.000000, 82.400000
400.000000, 100.000000, 82.500000
400.000000, 100.000000, 82.600000
400.000000, 100.000000, 82.700000
400.000000, 100.000000, 82.800000
400.000000, 100.000000, 82.900000
400.000000, 100.000000, 83.000000
400.000000, 100.000000, 83.100000
400.000000, 100.000000, 83.200000
400.000000, 100.000000, 83.300000
400.000000, 100.000000, 83.400000
400.000000, 100.000000, 83.500000
400.000000, 100.000000, 83.600000
400.000000, 100.000000, 83.700000
400.000000, 100.000000, 83.800000
400.000000, 100.000000, 83.900000
400.000000, 100.000000, 84.000000
400.000000, 100.000000, 84.100000
400.000000, 100.000000, 84.200000
400.000000, 100.000000, 84.300000
400.000000, 100.000000, 84.400000
400.000000, 100.000000, 84.500000
400.000000, 100.000000, 84.600000
400.000000, 100.000000, 84.700000
400.000000, 100.000000, 84.800000
400.000000, 100.000000, 84.900000
400.000000, 100.000000, 85.000000
400.000000, 100.000000, 85.100000
400.000000, 100.000000, 85.200000
400.000000, 100.000000, 85.300000
400.000000, 100.000000, 85.400000
400.000000, 100.000000, 85.500000
400.000000, 100.000000, 85.600000
400.000000, 100.000000, 85.700000
400.000000, 100.000000, 85.800000
400.000000, 100.000000, 85.900000
400.000000, 100.000000, 86.000000
400.000000, 100.000000, 86.100000
400.000000, 100.000000, 86.200000
400.000000, 100.000000, 86.300000
400.000000, 100.000000, 86.400000
400.000000, 100.000000, 86.500000
400.000000, 100.000000, 86.600000
400.000000, 100.000000, 86.700000
400.000000, 100.000000, 86.800000
400.000000, 100.000000, 86.900000
400.000000, 100.000000, 87.000000
400.000000, 100.000000, 87.100000
400.000000, 100.000000, 87.200000
400.000000, 100.000000, 87.300000
400.000000, 100.000000, 87.400000
400.000000, 100.000000, 87.500000
400.000000, 100.000000, 87.600000
400.000000, 100.000000, 87.700000
400.000000, 100.000000, 87.800000
400.000000, 100.000000, 87.900000
400.000000, 100.000000, 88.000000
400.000000, 100.000000, 88.100000
400.000000, 100.000000, 88.200000
400.000000, 100.000000, 88.300000
400.000000, 100.000000, 88.400000
400.000000, 100.000000, 88.500000
400.000000, 100.000000, 88.600000
400.000000, 100.000000, 88.700000
400.000000, 100.000000, 88.800000
400.000000, 100.000000, 88.900000
400.000000, 100.000000, 89.000000
400.000000, 100.000000, 89.100000
400.000000, 100.000000, 89.200000
400.000000, 100.000000, 89.300000
400.000000, 100.000000, 89.400000
400.000000, 100.000000, 89.500000
400.000000, 100.000000, 89.600000
400.000000, 100.000000, 89.700000
400.000000, 100.000000, 89.800000
400.000000, 100.000000, 89.900000
400.000000, 100.000000, 90.000000
400.000000, 100.000000, 90.100000
400.000000, 100.000000, 90.200000
400.000000, 100.000000, 90.300000
400.000000, 100.000000, 90.400000
400.000000, 100.000000, 90.500000
400.000000, 100.000000, 90.600000
400.000000, 100.000000, 90.700000
400.000000, 100.000000, 90.800000
400.000000, 100.000000, 90.900000
400.000000, 100.000000, 91.000000
400.000000, 100.000000, 91.100000
400.000000, 100.000000, 91.200000
400.000000, 100.000000, 91.300000
400.000000, 100.000000, 91.400000
400.000000, 100.000000, 91.500000
400.000000, 100.000000, 91.600000
400.000000, 100.000000, 91.700000
400.000000, 100.000000, 91.800000
400.000000, 100.000000, 91.900000
400.000000, 100.000000, 92.000000
400.000000, 100.000000, 92.100000
400.000000, 100.000000, 92.200000
400.000000, 100.000000, 92.300000
400.000000, 100.000000, 92.400000
400.000000, 100.000000, 92.500000
400.000000, 100.000000, 92.600000
400.000000, 100.000000, 92.700000
400.000000, 100.000000, 92.800000
400.000000, 100.000000, 92.900000
400.000000, 100.000000, 93.000000
400.000000, 100.000000, 93.100000
400.000000, 100.000000, 93.200000
400.000000, 100.000000, 93.300000
400.000000, 100.000000, 93.400000
400.000000, 100.000000, 93.500000
400.000000, 100.000000, 93.600000
400.000000, 100.000000, 93.700000
400.000000, 100.000000, 93.800000
400.000000, 100.000000, 93.900000
400.000000, 100.000000, 94.000000
400.000000, 100.000000, 94.100000
400.000000, 100.000000, 94.200000
400.000000, 100.000000, 94.300000
400.000000, 100.000000, 94.400000
400.000000, 100.000000, 94.500000
400.000000, 100.000000, 94.600000
400.000000, 100.000000, 94.700000
400.000000, 100.000000, 94.800000
400.000000, 100.000000, 94.900000
400.000000, 100.000000, 95.000000
400.000000, 100.000000, 95.100000
400.000000, 100.000000, 95.200000
400.000000, 100.000000, 95.300000
400.000000, 100.000000, 95.400000
400.000000, 100.000000, 95.500000
400.000000, 100.000000, 95.600000
400.000000, 100.000000, 95.700000
400.000000, 100.000000, 95.800000
400.000000, 100.000000, 95.900000
400.000000, 100.000000, 96.000000
400.000000, 100.000000, 96.100000
400.000000, 100.000000, 96.200000
400.000000, 100.000000, 96.300000
400.000000, 100.000000, 96.400000
400.000000, 100.000000, 96.500000
400.000000, 100.000000, 96.600000
400.000000, 100.000000, 96.700000
400.000000, 100.000000, 96.800000
400.000000, 100.000000, 96.900000
400.000000, 100.000000, 97.000000
400.000000, 100.000000, 97.100000
400.000000, 100.000000, 97.200000
400.000000, 100.000000, 97.300000
400.000000, 100.000000, 97.400000
400.000000, 100.000000, 97.500000
400.000000, 100.000000, 97.600000
400.000000, 100.000000, 97.700000
400.000000, 100.000000, 97.800000
400.000000, 100.000000, 97.900000
400.000000, 100.000000, 98.000000
400.000000, 100.000000, 98.100000
400.000000, 100.000000, 98.200000
400.000000, 100.000000, 98.300000
400.000000, 100.000000, 98.400000
400.000000, 100.000000, 98.500000
400.000000, 100.000000, 98.600000
400.000000, 100.000000, 98.700000
400.000000, 100.000000, 98.800000
400.000000, 100.000000, 98.900000
400.000000, 100.000000, 99.000000
400.000000, 100.000000, 99.100000
400.000000, 100.000000, 99.200000
400.000000, 100.000000, 99.300000
400.000000, 100.000000, 99.400000
400.000000, 100.000000, 99.500000
400.000000, 100.000000, 99.600000
400.000000, 100.000000, 99.700000
400.000000, 100.000000, 99.800000
400.000000, 100.000000, 99.900000
400.000000, 100.000000, 100.000000
