2.000000, 1.000000, 0.011248, -0.005507
2.188767, 0.094383, 0.009333, -0.015977
2.377938, 0.094586, 0.004071, -0.042749
2.508622, 0.065342, -0.003905, -0.082485
2.655491, 0.073435, -0.021998, -0.172016
2.815123, 0.079816, -0.064648, -0.383390
2.998157, 0.091517, -0.182210, -0.967739
3.100806, 0.051325, -0.313273, -1.627001
3.169910, 0.034552, -0.447832, -2.291802
3.220809, 0.025449, -0.579919, -2.910479
3.261975, 0.020583, -0.711157, -3.468879
3.297727, 0.017876, -0.843906, -3.953278
3.332542, 0.017408, -0.988856, -4.360924
3.365482, 0.016470, -1.137080, -4.618433
3.398003, 0.016261, -1.288759, -4.682417
3.433108, 0.017553, -1.450384, -4.490973
3.480410, 0.023651, -1.648521, -3.838458
3.521656, 0.020623, -1.790784, -3.046575
3.560153, 0.019249, -1.893298, -2.285505
3.596440, 0.018143, -1.964466, -1.651313
3.633529, 0.018545, -2.015783, -1.133067
3.674302, 0.020386, -2.053116, -0.716706
3.722218, 0.023958, -2.079285, -0.394414
3.782863, 0.030323, -2.095572, -0.161109
3.867769, 0.042453, -2.102167, -0.011016
4.008726, 0.070478, -2.097347, 0.065908
4.369033, 0.180154, -2.067819, 0.090270
5.327919, 0.479443, -1.977020, 0.099665
7.382485, 1.027283, -1.743633, 0.132829
8.249174, 0.433344, -1.610863, 0.174968
9.331205, 0.541016, -1.364808, 0.302455
9.434683, 0.051739, -1.331360, 0.344899
9.644944, 0.105131, -1.247775, 0.457132
9.914846, 0.134951, -1.089842, 0.746297
10.032521, 0.058837, -0.987004, 1.019473
10.191648, 0.079563, -0.771511, 1.771916
10.256144, 0.032248, -0.639458, 2.352649
10.332920, 0.038388, -0.419227, 3.454286
10.391144, 0.029112, -0.182590, 4.728979
10.439366, 0.024111, 0.077533, 6.087029
10.479531, 0.020082, 0.345795, 7.256185
10.512888, 0.016679, 0.600572, 7.968955
10.544137, 0.015625, 0.853252, 8.124380
10.572705, 0.014284, 1.079750, 7.655970
10.600079, 0.013687, 1.276733, 6.680929
10.630260, 0.015090, 1.457129, 5.247268
10.678011, 0.023876, 1.652682, 3.001318
10.707612, 0.014801, 1.725615, 1.965702
10.735970, 0.014179, 1.770866, 1.258150
10.764977, 0.014504, 1.799909, 0.770083
10.796915, 0.015969, 1.818735, 0.430142
10.834188, 0.018636, 1.830173, 0.201223
10.880126, 0.022969, 1.835829, 0.059015
10.940486, 0.030180, 1.836779, -0.017339
11.027143, 0.043329, 1.833654, -0.048605
11.170635, 0.071746, 1.825987, -0.055821
11.486187, 0.157776, 1.808217, -0.056681
13.467858, 0.990835, 1.692140, -0.062672
16.702726, 1.617434, 1.474828, -0.081368
18.155989, 0.726632, 1.357433, -0.097291
19.100547, 0.472279, 1.270144, -0.105679
19.985382, 0.442417, 1.175963, -0.118572
20.935313, 0.474965, 1.051500, -0.151604
21.127391, 0.096039, 1.021411, -0.162069
21.467328, 0.169968, 0.961927, -0.189518
21.621756, 0.077214, 0.931379, -0.206623
21.924757, 0.151500, 0.861493, -0.258195
22.105677, 0.090460, 0.810665, -0.306100
22.328668, 0.111496, 0.732187, -0.405181
22.505925, 0.088628, 0.648788, -0.546145
22.655809, 0.074942, 0.552040, -0.760862
22.782185, 0.063188, 0.436675, -1.089395
22.894722, 0.056269, 0.286157, -1.626740
23.014441, 0.059860, 0.030151, -2.749115
23.069373, 0.027466, -0.143671, -3.614434
23.110705, 0.020666, -0.310249, -4.468215
23.142577, 0.015936, -0.464866, -5.244623
23.169121, 0.013272, -0.613286, -5.940923
23.194831, 0.012855, -0.774615, -6.602549
23.218223, 0.011696, -0.935354, -7.125848
23.239871, 0.010824, -1.093570, -7.469289
23.260834, 0.010481, -1.251847, -7.603238
23.282446, 0.010806, -1.415219, -7.480413
23.307157, 0.012356, -1.594582, -6.991262
23.338592, 0.015718, -1.798384, -5.924930
23.364298, 0.012853, -1.936959, -4.846083
23.388742, 0.012222, -2.042665, -3.809836
23.412055, 0.011657, -2.120857, -2.913828
23.435683, 0.011814, -2.180463, -2.151388
23.461026, 0.012672, -2.226582, -1.510202
23.489656, 0.014315, -2.261945, -0.983602
23.523823, 0.017084, -2.288046, -0.568319
23.567523, 0.021850, -2.305665, -0.261880
23.629559, 0.031018, -2.314959, -0.060379
23.737487, 0.053964, -2.314744, 0.044715
24.037574, 0.150044, -2.295421, 0.072801
24.598293, 0.280359, -2.253855, 0.075490
26.484225, 0.942966, -2.103360, 0.085667
29.971403, 1.743589, -1.746501, 0.127245
31.708858, 0.868728, -1.445720, 0.235130
32.141406, 0.216274, -1.319716, 0.357115
32.599861, 0.229228, -1.085510, 0.728292
32.678798, 0.039468, -1.021664, 0.896400
32.808426, 0.064814, -0.878763, 1.345011
32.888416, 0.039995, -0.752734, 1.834846
32.956222, 0.033903, -0.607345, 2.488975
33.020962, 0.032370, -0.416695, 3.452045
33.079069, 0.029053, -0.180751, 4.723251
33.127337, 0.024134, 0.079320, 6.080102
33.167556, 0.020110, 0.347631, 7.247220
33.200955, 0.016699, 0.602368, 7.956488
33.232242, 0.015643, 0.854895, 8.107477
33.260848, 0.014303, 1.081153, 7.635222
33.288277, 0.013715, 1.277924, 6.657390
33.318569, 0.015146, 1.458226, 5.220810
33.366892, 0.024161, 1.654437, 2.960745
33.396533, 0.014821, 1.726430, 1.936092
33.424937, 0.014202, 1.771047, 1.237538
33.454058, 0.014560, 1.799694, 0.755582
33.486185, 0.016064, 1.818240, 0.420142
33.523745, 0.018780, 1.829459, 0.194731
33.570130, 0.023192, 1.834935, 0.055244
33.631233, 0.030551, 1.835731, -0.019136
33.719296, 0.044032, 1.832457, -0.049191
33.866100, 0.073402, 1.824571, -0.055921
34.193997, 0.163949, 1.806081, -0.056768
35.961514, 0.883758, 1.702754, -0.061965
39.018406, 1.528446, 1.500883, -0.078105
40.866400, 0.923997, 1.353503, -0.099148
